0 0.033100
1 0.030813
2 0.033433
3 0.032833
4 0.030447
5 0.033273
6 0.032027
7 0.032440
8 0.031367
9 0.033227
10 0.030533
11 0.032720
12 0.032493
13 0.032920
14 0.033173
15 0.030973
16 0.031453
17 0.032793
18 0.031093
19 0.030893
20 0.031327
21 0.032380
22 0.030407
23 0.033113
24 0.033487
25 0.031467
26 0.032287
27 0.030867
28 0.030187
29 0.030153
30 0.032087
31 0.033133
32 0.030587
33 0.032040
34 0.032507
35 0.031000
36 0.031840
37 0.031133
38 0.033267
39 0.033087
40 0.030127
41 0.030487
42 0.032360
43 0.033180
44 0.030093
45 0.032060
46 0.030007
47 0.031253
48 0.031413
49 0.031747
50 0.031993
51 0.032547
52 0.030707
53 0.032247
54 0.032193
55 0.030720
56 0.033480
57 0.031067
58 0.031380
59 0.030160
60 0.030367
61 0.030293
62 0.033140
63 0.030120
64 0.031807
65 0.032213
66 0.031827
67 0.033320
68 0.033060
69 0.031627
70 0.032940
71 0.030627
72 0.030240
73 0.031873
74 0.033353
75 0.031547
76 0.030540
77 0.030847
78 0.032447
79 0.031587
80 0.030360
81 0.031040
82 0.030713
83 0.032540
84 0.030020
85 0.030520
86 0.032880
87 0.032820
88 0.033093
89 0.030907
90 0.032813
91 0.033400
92 0.030620
93 0.032487
94 0.031153
95 0.031933
96 0.031300
97 0.032467
98 0.031780
99 0.030593
100 0.030733
101 0.031273
102 0.030380
103 0.030040
104 0.032587
105 0.030953
106 0.033013
107 0.032627
108 0.031280
109 0.030220
110 0.030860
111 0.032847
112 0.032520
113 0.031033
114 0.031960
115 0.031907
116 0.032800
117 0.031400
118 0.031287
119 0.032433
120 0.031707
121 0.033360
122 0.032353
123 0.031733
124 0.032427
125 0.032853
126 0.032960
127 0.033047
128 0.030767
129 0.031373
130 0.033280
131 0.031987
132 0.031947
133 0.031027
134 0.033240
135 0.031113
136 0.030400
137 0.030113
138 0.032907
139 0.031820
140 0.030107
141 0.033033
142 0.031227
143 0.030193
144 0.033300
145 0.030280
146 0.031647
147 0.032660
148 0.032947
149 0.032133
150 0.031680
151 0.030640
152 0.032020
153 0.033120
154 0.032160
155 0.030507
156 0.032533
157 0.030233
158 0.030260
159 0.031073
160 0.032167
161 0.032887
162 0.032120
163 0.033160
164 0.033027
165 0.031893
166 0.033367
167 0.033380
168 0.031260
169 0.032827
170 0.030480
171 0.031760
172 0.032407
173 0.032113
174 0.031427
175 0.032233
176 0.033407
177 0.032067
178 0.030167
179 0.032900
180 0.033127
181 0.031080
182 0.030287
183 0.031773
184 0.031787
185 0.030760
186 0.031793
187 0.033167
188 0.032553
189 0.031440
190 0.033187
191 0.031347
192 0.031020
193 0.031927
194 0.030253
195 0.032693
196 0.032673
197 0.033147
198 0.032593
199 0.030600
200 0.030553
201 0.033247
202 0.033387
203 0.030500
204 0.030873
205 0.031500
206 0.031333
207 0.031920
208 0.032327
209 0.030133
210 0.033493
211 0.032000
212 0.031560
213 0.033207
214 0.030747
215 0.032093
216 0.031813
217 0.033040
218 0.030427
219 0.030347
220 0.031420
221 0.031540
222 0.031053
223 0.032867
224 0.032147
225 0.030573
226 0.031493
227 0.033393
228 0.032567
229 0.033313
230 0.032773
231 0.031713
232 0.031480
233 0.032687
234 0.030853
235 0.030820
236 0.030580
237 0.032980
238 0.032240
239 0.031220
240 0.032367
241 0.032253
242 0.031387
243 0.031160
244 0.032007
245 0.033327
246 0.030660
247 0.030967
248 0.030087
249 0.033447
250 0.031940
251 0.030980
252 0.031687
253 0.030607
254 0.032107
255 0.032293
256 0.030740
257 0.032700
258 0.032220
259 0.031013
260 0.030340
261 0.033347
262 0.030067
263 0.030327
264 0.032620
265 0.032527
266 0.030307
267 0.030687
268 0.032080
269 0.032953
270 0.032207
271 0.032780
272 0.031853
273 0.032860
274 0.030387
275 0.030433
276 0.032713
277 0.033260
278 0.031487
279 0.031833
280 0.033213
281 0.031640
282 0.033107
283 0.030060
284 0.030940
285 0.030373
286 0.030680
287 0.030647
288 0.030933
289 0.030547
290 0.032740
291 0.030880
292 0.030227
293 0.031313
294 0.030100
295 0.030180
296 0.032300
297 0.031060
298 0.031360
299 0.032573
300 0.032420
301 0.031600
302 0.033440
303 0.032473
304 0.033293
305 0.030300
306 0.031127
307 0.032613
308 0.030027
309 0.030173
310 0.032933
311 0.033073
312 0.031513
313 0.032607
314 0.030800
315 0.032993
316 0.030200
317 0.031353
318 0.030393
319 0.031107
320 0.032340
321 0.030727
322 0.030900
323 0.032840
324 0.030667
325 0.032393
326 0.032667
327 0.030560
328 0.033200
329 0.032680
330 0.031740
331 0.032273
332 0.033007
333 0.030960
334 0.031007
335 0.032153
336 0.031633
337 0.031507
338 0.033340
339 0.031213
340 0.032347
341 0.031120
342 0.031573
343 0.030780
344 0.032053
345 0.031900
346 0.033067
347 0.031520
348 0.031200
349 0.030453
350 0.031913
351 0.031527
352 0.032500
353 0.032387
354 0.032760
355 0.031167
356 0.032600
357 0.033193
358 0.031173
359 0.033473
360 0.032513
361 0.031967
362 0.030567
363 0.032187
364 0.030273
365 0.030927
366 0.031673
367 0.032987
368 0.031533
369 0.031567
370 0.032733
371 0.030793
372 0.033053
373 0.031407
374 0.031800
375 0.031653
376 0.031267
377 0.031767
378 0.030413
379 0.032893
380 0.033153
381 0.031847
382 0.032753
383 0.033287
384 0.030653
385 0.030000
386 0.032460
387 0.031207
388 0.031727
389 0.031473
390 0.033467
391 0.032967
392 0.033427
393 0.031140
394 0.030633
395 0.032320
396 0.032413
397 0.031180
398 0.030073
399 0.030887
400 0.033020
401 0.031240
402 0.030333
403 0.032033
404 0.032333
405 0.032073
406 0.031100
407 0.032560
408 0.030213
409 0.031233
410 0.032280
411 0.032180
412 0.032200
413 0.031860
414 0.032047
415 0.030140
416 0.030013
417 0.030833
418 0.030613
419 0.030987
420 0.031307
421 0.031667
422 0.031340
423 0.032913
424 0.032767
425 0.031607
426 0.033307
427 0.032373
428 0.032267
429 0.032127
430 0.030247
431 0.031187
432 0.031693
433 0.030493
434 0.031867
435 0.031460
436 0.030513
437 0.031433
438 0.033460
439 0.030787
440 0.031553
441 0.030053
442 0.033413
443 0.030673
444 0.030147
445 0.030693
446 0.032260
447 0.031620
448 0.033420
449 0.032580
450 0.031293
451 0.031447
452 0.033000
453 0.032313
454 0.032633
455 0.032307
456 0.032227
457 0.031753
458 0.032707
459 0.031320
460 0.030353
461 0.033373
462 0.031700
463 0.031660
464 0.030313
465 0.031580
466 0.030207
467 0.030773
468 0.032173
469 0.030420
470 0.030080
471 0.031087
472 0.031247
473 0.033253
474 0.033453
475 0.030993
476 0.032973
477 0.030047
478 0.032727
479 0.030920
480 0.031193
481 0.031880
482 0.032100
483 0.032453
484 0.031980
485 0.031147
486 0.030827
487 0.032747
488 0.033233
489 0.032140
490 0.030467
491 0.030840
492 0.031593
493 0.032653
494 0.032013
495 0.031953
496 0.033333
497 0.030440
498 0.031720
499 0.030807
500 0.030033
501 0.031613
502 0.030700
503 0.031973
504 0.033220
505 0.032480
506 0.030913
507 0.030473
508 0.032807
509 0.031047
510 0.032787
511 0.033080
512 0.030947
513 0.030267
514 0.032640
515 0.032400
516 0.030320
517 0.031393
518 0.030753
519 0.030527
520 0.030460
521 0.032927
522 0.032873
523 0.032647
524 0.031887
