0 0.031120
1 0.033093
2 0.032427
3 0.032067
4 0.031267
5 0.031140
6 0.030107
7 0.031333
8 0.032127
9 0.030953
10 0.032380
11 0.031507
12 0.031147
13 0.030213
14 0.033053
15 0.030427
16 0.030527
17 0.031293
18 0.030327
19 0.033080
20 0.030613
21 0.031433
22 0.031453
23 0.031387
24 0.031547
25 0.032860
26 0.033407
27 0.033467
28 0.030127
29 0.030647
30 0.031973
31 0.030847
32 0.030280
33 0.030973
34 0.032787
35 0.031467
36 0.032033
37 0.030167
38 0.032693
39 0.030753
40 0.030473
41 0.031647
42 0.032120
43 0.031493
44 0.031787
45 0.031713
46 0.031820
47 0.032187
48 0.032840
49 0.032027
50 0.031807
51 0.033300
52 0.033253
53 0.033047
54 0.031320
55 0.031427
56 0.032453
57 0.031247
58 0.031413
59 0.030020
60 0.031687
61 0.033087
62 0.032680
63 0.031767
64 0.030727
65 0.032020
66 0.032933
67 0.030013
68 0.030140
69 0.030313
70 0.032900
71 0.031640
72 0.033480
73 0.031620
74 0.032793
75 0.031880
76 0.032960
77 0.031227
78 0.030667
79 0.032347
80 0.032833
81 0.030393
82 0.032167
83 0.032607
84 0.031653
85 0.033073
86 0.030680
87 0.030693
88 0.030220
89 0.030560
90 0.032280
91 0.032200
92 0.031287
93 0.031520
94 0.030180
95 0.031587
96 0.033020
97 0.032940
98 0.033453
99 0.031100
100 0.031720
101 0.032893
102 0.032207
103 0.030520
104 0.030080
105 0.031560
106 0.030640
107 0.033447
108 0.032240
109 0.033167
110 0.030067
111 0.031633
112 0.031840
113 0.030580
114 0.030820
115 0.032873
116 0.030773
117 0.030933
118 0.032987
119 0.031160
120 0.031947
121 0.031853
122 0.032653
123 0.032587
124 0.032707
125 0.032633
126 0.030480
127 0.032267
128 0.030087
129 0.033440
130 0.032687
131 0.033113
132 0.032880
133 0.031500
134 0.030233
135 0.033307
136 0.032313
137 0.031047
138 0.033267
139 0.030793
140 0.033320
141 0.032233
142 0.032007
143 0.030293
144 0.032613
145 0.032073
146 0.030513
147 0.032620
148 0.030940
149 0.033273
150 0.032967
151 0.030340
152 0.031760
153 0.032193
154 0.032460
155 0.030913
156 0.031407
157 0.030373
158 0.030733
159 0.032600
160 0.032407
161 0.030273
162 0.032253
163 0.031847
164 0.032227
165 0.032800
166 0.030400
167 0.031153
168 0.032927
169 0.031487
170 0.030153
171 0.032773
172 0.030253
173 0.031053
174 0.031207
175 0.031887
176 0.033413
177 0.031460
178 0.031173
179 0.031080
180 0.031273
181 0.030000
182 0.032080
183 0.031980
184 0.031740
185 0.031187
186 0.030947
187 0.032093
188 0.031027
189 0.033240
190 0.030133
191 0.031473
192 0.030160
193 0.031113
194 0.030460
195 0.030553
196 0.031753
197 0.032733
198 0.030813
199 0.033420
200 0.030567
201 0.030673
202 0.032760
203 0.030040
204 0.031167
205 0.032813
206 0.030707
207 0.030307
208 0.030187
209 0.032947
210 0.032807
211 0.033153
212 0.032433
213 0.031527
214 0.031780
215 0.032913
216 0.030893
217 0.032500
218 0.031073
219 0.032580
220 0.032273
221 0.031680
222 0.030033
223 0.032533
224 0.032700
225 0.031593
226 0.030587
227 0.030873
228 0.032907
229 0.031000
230 0.030093
231 0.032527
232 0.030387
233 0.032393
234 0.030860
235 0.032920
236 0.030060
237 0.033013
238 0.033327
239 0.033340
240 0.032520
241 0.030827
242 0.033033
243 0.030653
244 0.031367
245 0.033353
246 0.030927
247 0.032847
248 0.031253
249 0.033107
250 0.030120
251 0.033200
252 0.030900
253 0.033213
254 0.032340
255 0.030760
256 0.031007
257 0.032567
258 0.032260
259 0.031480
260 0.032107
261 0.031873
262 0.031920
263 0.030453
264 0.032640
265 0.031360
266 0.031067
267 0.030147
268 0.033187
269 0.030207
270 0.032713
271 0.032320
272 0.030920
273 0.032307
274 0.032300
275 0.030360
276 0.031020
277 0.033460
278 0.032087
279 0.030440
280 0.033120
281 0.030447
282 0.032673
283 0.032953
284 0.030113
285 0.031813
286 0.032153
287 0.030240
288 0.032447
289 0.032647
290 0.032980
291 0.030493
292 0.032780
293 0.033140
294 0.032287
295 0.032040
296 0.030347
297 0.030247
298 0.033000
299 0.030787
300 0.033293
301 0.030907
302 0.030713
303 0.030007
304 0.031347
305 0.032400
306 0.032360
307 0.030407
308 0.032387
309 0.031180
310 0.032593
311 0.033493
312 0.032047
313 0.031200
314 0.031373
315 0.030740
316 0.031660
317 0.033247
318 0.031087
319 0.030607
320 0.032513
321 0.031580
322 0.030507
323 0.030200
324 0.031800
325 0.031907
326 0.030780
327 0.032133
328 0.031607
329 0.031340
330 0.033387
331 0.032547
332 0.033173
333 0.033347
334 0.030840
335 0.030573
336 0.032413
337 0.032507
338 0.030487
339 0.032160
340 0.032973
341 0.030867
342 0.032727
343 0.032627
344 0.031127
345 0.032333
346 0.031600
347 0.030173
348 0.032173
349 0.032247
350 0.033473
351 0.032493
352 0.031900
353 0.030380
354 0.032013
355 0.031300
356 0.032820
357 0.031707
358 0.030620
359 0.033280
360 0.031940
361 0.032827
362 0.032480
363 0.032293
364 0.030687
365 0.032487
366 0.032373
367 0.030767
368 0.030600
369 0.031913
370 0.031353
371 0.033333
372 0.031040
373 0.030833
374 0.030980
375 0.033367
376 0.030413
377 0.031627
378 0.032000
379 0.032553
380 0.031933
381 0.031553
382 0.030287
383 0.030660
384 0.030747
385 0.030500
386 0.033007
387 0.030993
388 0.031967
389 0.031700
390 0.033100
391 0.030880
392 0.030467
393 0.030100
394 0.031993
395 0.030720
396 0.033220
397 0.030807
398 0.032660
399 0.031193
400 0.032747
401 0.030633
402 0.030333
403 0.031927
404 0.030540
405 0.033427
406 0.033207
407 0.031540
408 0.032887
409 0.031533
410 0.030367
411 0.033260
412 0.032560
413 0.031960
414 0.031833
415 0.032213
416 0.031213
417 0.031133
418 0.032573
419 0.033060
420 0.031033
421 0.031240
422 0.032540
423 0.033287
424 0.031280
425 0.030960
426 0.031613
427 0.030420
428 0.031327
429 0.030073
430 0.030193
431 0.033487
432 0.032867
433 0.030700
434 0.032220
435 0.031567
436 0.030053
437 0.031953
438 0.030227
439 0.031393
440 0.033393
441 0.031733
442 0.032667
443 0.032147
444 0.031380
445 0.032327
446 0.032467
447 0.030533
448 0.033027
449 0.033433
450 0.031107
451 0.033227
452 0.033373
453 0.030047
454 0.030433
455 0.031307
456 0.030320
457 0.032113
458 0.033233
459 0.032367
460 0.031860
461 0.031313
462 0.031513
463 0.032720
464 0.031793
465 0.032993
466 0.031667
467 0.031893
468 0.030800
469 0.033040
470 0.031220
471 0.031773
472 0.032753
473 0.033127
474 0.033180
475 0.030967
476 0.033067
477 0.033380
478 0.033193
479 0.030987
480 0.030267
481 0.030887
482 0.032060
483 0.032440
484 0.032053
485 0.032473
486 0.031447
487 0.030593
488 0.030353
489 0.031827
490 0.031093
491 0.033400
492 0.032140
493 0.032353
494 0.033160
495 0.032740
496 0.030027
497 0.032180
498 0.031867
499 0.031420
500 0.032767
501 0.031400
502 0.031260
503 0.030853
504 0.032853
505 0.033133
506 0.032100
507 0.031673
508 0.033147
509 0.031440
510 0.031747
511 0.031060
512 0.030300
513 0.031573
514 0.030627
515 0.031987
516 0.033360
517 0.030260
518 0.032420
519 0.031727
520 0.033313
521 0.031233
522 0.031693
523 0.031013
524 0.030547
