0 0.030133
1 0.032493
2 0.032800
3 0.030820
4 0.032553
5 0.030947
6 0.032613
7 0.031653
8 0.030800
9 0.033267
10 0.032460
11 0.030920
12 0.030480
13 0.032287
14 0.031313
15 0.030167
16 0.033467
17 0.031413
18 0.033340
19 0.030813
20 0.032813
21 0.030140
22 0.031160
23 0.030553
24 0.031440
25 0.032747
26 0.033180
27 0.033140
28 0.030407
29 0.032767
30 0.031133
31 0.030153
32 0.031827
33 0.030493
34 0.031327
35 0.030033
36 0.031373
37 0.030513
38 0.032480
39 0.032093
40 0.030313
41 0.031507
42 0.032907
43 0.030713
44 0.030387
45 0.030860
46 0.030053
47 0.030380
48 0.032100
49 0.030667
50 0.031047
51 0.031473
52 0.030687
53 0.032013
54 0.031867
55 0.031913
56 0.031320
57 0.031580
58 0.031593
59 0.031547
60 0.030907
61 0.030253
62 0.031887
63 0.032433
64 0.030100
65 0.032933
66 0.033113
67 0.030767
68 0.033187
69 0.032160
70 0.032507
71 0.033233
72 0.033327
73 0.031960
74 0.030633
75 0.033413
76 0.030007
77 0.031113
78 0.033480
79 0.031200
80 0.031453
81 0.031187
82 0.032273
83 0.031793
84 0.032760
85 0.030760
86 0.033253
87 0.030733
88 0.031900
89 0.030340
90 0.031833
91 0.032380
92 0.033427
93 0.033220
94 0.031400
95 0.032727
96 0.032693
97 0.031053
98 0.033033
99 0.032413
100 0.032660
101 0.032113
102 0.032173
103 0.030467
104 0.030693
105 0.032320
106 0.030420
107 0.032567
108 0.032893
109 0.032427
110 0.033200
111 0.031000
112 0.033040
113 0.032067
114 0.030680
115 0.032360
116 0.032260
117 0.031953
118 0.032513
119 0.033487
120 0.032780
121 0.030973
122 0.032453
123 0.032720
124 0.033407
125 0.030173
126 0.030353
127 0.032667
128 0.030073
129 0.031600
130 0.031667
131 0.032787
132 0.032953
133 0.033067
134 0.031873
135 0.030880
136 0.031980
137 0.030793
138 0.030320
139 0.031433
140 0.030507
141 0.031840
142 0.031693
143 0.032080
144 0.033073
145 0.033013
146 0.031040
147 0.031933
148 0.031587
149 0.030327
150 0.031940
151 0.033440
152 0.032827
153 0.030107
154 0.030220
155 0.030427
156 0.033173
157 0.031367
158 0.031987
159 0.033240
160 0.030753
161 0.032740
162 0.032587
163 0.031573
164 0.032347
165 0.031100
166 0.030913
167 0.033353
168 0.031107
169 0.032200
170 0.030533
171 0.030287
172 0.030747
173 0.030460
174 0.031273
175 0.032653
176 0.031727
177 0.031360
178 0.031227
179 0.032300
180 0.030280
181 0.032107
182 0.032253
183 0.032293
184 0.030260
185 0.031553
186 0.031620
187 0.031807
188 0.030360
189 0.030933
190 0.030987
191 0.030013
192 0.031247
193 0.032987
194 0.030573
195 0.032973
196 0.032993
197 0.031060
198 0.032847
199 0.031287
200 0.032060
201 0.033153
202 0.032147
203 0.031660
204 0.030980
205 0.030773
206 0.030653
207 0.030067
208 0.032440
209 0.030960
210 0.033473
211 0.030367
212 0.031813
213 0.031093
214 0.030527
215 0.032620
216 0.031167
217 0.033260
218 0.030180
219 0.030620
220 0.032353
221 0.031007
222 0.031080
223 0.030373
224 0.032980
225 0.032373
226 0.030607
227 0.032527
228 0.032153
229 0.031280
230 0.030953
231 0.031013
232 0.031020
233 0.032820
234 0.030440
235 0.032053
236 0.031713
237 0.032700
238 0.033047
239 0.032680
240 0.032327
241 0.033027
242 0.033147
243 0.032707
244 0.031993
245 0.032627
246 0.031927
247 0.033100
248 0.030727
249 0.033460
250 0.032860
251 0.030473
252 0.030500
253 0.032047
254 0.030993
255 0.030900
256 0.031487
257 0.033453
258 0.030540
259 0.030613
260 0.030740
261 0.032600
262 0.032833
263 0.031640
264 0.032000
265 0.031260
266 0.032387
267 0.032140
268 0.031800
269 0.031627
270 0.033133
271 0.032473
272 0.033280
273 0.031540
274 0.031087
275 0.031947
276 0.031333
277 0.030940
278 0.030060
279 0.030560
280 0.031687
281 0.030267
282 0.032540
283 0.030647
284 0.030240
285 0.030827
286 0.033120
287 0.032467
288 0.033373
289 0.030213
290 0.030660
291 0.031760
292 0.030233
293 0.033387
294 0.032180
295 0.032887
296 0.030347
297 0.031073
298 0.033213
299 0.032533
300 0.032927
301 0.030720
302 0.031787
303 0.031033
304 0.032313
305 0.031647
306 0.030867
307 0.031513
308 0.033293
309 0.030847
310 0.033333
311 0.031753
312 0.033400
313 0.032500
314 0.031780
315 0.031307
316 0.031387
317 0.030413
318 0.031120
319 0.031420
320 0.030833
321 0.032547
322 0.032420
323 0.031380
324 0.031407
325 0.031633
326 0.033273
327 0.032947
328 0.033300
329 0.031607
330 0.031173
331 0.032807
332 0.032520
333 0.031560
334 0.033447
335 0.030873
336 0.030307
337 0.032900
338 0.030673
339 0.030927
340 0.033433
341 0.031393
342 0.031740
343 0.030247
344 0.030593
345 0.030160
346 0.031733
347 0.030207
348 0.030047
349 0.032307
350 0.030400
351 0.030120
352 0.033287
353 0.030227
354 0.031520
355 0.031347
356 0.030780
357 0.030587
358 0.033087
359 0.031460
360 0.033020
361 0.031147
362 0.032647
363 0.032127
364 0.031027
365 0.030333
366 0.030893
367 0.030580
368 0.030453
369 0.031527
370 0.030447
371 0.030200
372 0.033167
373 0.031860
374 0.032193
375 0.031907
376 0.030887
377 0.031140
378 0.033313
379 0.030807
380 0.031773
381 0.031207
382 0.031267
383 0.032920
384 0.031673
385 0.031613
386 0.031493
387 0.030787
388 0.033080
389 0.030600
390 0.030433
391 0.031880
392 0.033193
393 0.030840
394 0.033420
395 0.032227
396 0.032187
397 0.032240
398 0.033207
399 0.033060
400 0.030000
401 0.032393
402 0.032233
403 0.033380
404 0.032633
405 0.032560
406 0.032027
407 0.033107
408 0.032367
409 0.031700
410 0.032040
411 0.032967
412 0.033093
413 0.030567
414 0.032753
415 0.032247
416 0.033000
417 0.032880
418 0.033360
419 0.031533
420 0.030487
421 0.030300
422 0.030520
423 0.031680
424 0.032340
425 0.032167
426 0.031920
427 0.032447
428 0.031180
429 0.033160
430 0.032873
431 0.030967
432 0.032960
433 0.031300
434 0.032940
435 0.032007
436 0.033393
437 0.030093
438 0.031293
439 0.032913
440 0.031233
441 0.030293
442 0.032280
443 0.033127
444 0.031707
445 0.031447
446 0.032607
447 0.032687
448 0.031820
449 0.032580
450 0.032213
451 0.032073
452 0.033247
453 0.033307
454 0.032793
455 0.031340
456 0.031853
457 0.033320
458 0.030273
459 0.032640
460 0.032033
461 0.031747
462 0.031767
463 0.031253
464 0.032120
465 0.031220
466 0.032673
467 0.030547
468 0.032487
469 0.030640
470 0.030027
471 0.031967
472 0.033367
473 0.032713
474 0.030193
475 0.030127
476 0.030147
477 0.031193
478 0.030700
479 0.030080
480 0.031720
481 0.033347
482 0.032773
483 0.030393
484 0.032867
485 0.032407
486 0.030113
487 0.031427
488 0.032267
489 0.032020
490 0.031567
491 0.031353
492 0.030187
493 0.031847
494 0.032593
495 0.032207
496 0.033007
497 0.032840
498 0.031240
499 0.030087
500 0.030853
501 0.030020
502 0.032853
503 0.030627
504 0.031067
505 0.032733
506 0.032333
507 0.031467
508 0.031480
509 0.030040
510 0.031127
511 0.032400
512 0.030707
513 0.031893
514 0.033053
515 0.031500
516 0.031213
517 0.033227
518 0.033493
519 0.032573
520 0.032087
521 0.031153
522 0.031973
523 0.032220
524 0.032133
