0 0.030760
1 0.033387
2 0.031500
3 0.033167
4 0.031547
5 0.031820
6 0.031260
7 0.031047
8 0.030973
9 0.030833
10 0.031587
11 0.030173
12 0.030687
13 0.032787
14 0.032020
15 0.032007
16 0.030987
17 0.030113
18 0.033220
19 0.033447
20 0.033160
21 0.032067
22 0.031867
23 0.031660
24 0.031480
25 0.032820
26 0.033253
27 0.031127
28 0.030647
29 0.030493
30 0.032633
31 0.031387
32 0.030407
33 0.030000
34 0.031087
35 0.031853
36 0.032460
37 0.032253
38 0.032807
39 0.033333
40 0.032987
41 0.031013
42 0.033427
43 0.030347
44 0.030360
45 0.032040
46 0.032160
47 0.031213
48 0.032053
49 0.031907
50 0.031180
51 0.031747
52 0.030580
53 0.032813
54 0.033173
55 0.031840
56 0.032180
57 0.032953
58 0.032740
59 0.032620
60 0.033240
61 0.031933
62 0.030187
63 0.030280
64 0.032453
65 0.031473
66 0.031887
67 0.031487
68 0.033367
69 0.031247
70 0.031347
71 0.032893
72 0.031960
73 0.031293
74 0.030380
75 0.030300
76 0.032947
77 0.031713
78 0.030473
79 0.031600
80 0.033207
81 0.030727
82 0.032927
83 0.030420
84 0.033047
85 0.030200
86 0.031880
87 0.031813
88 0.032127
89 0.031187
90 0.030273
91 0.031900
92 0.032627
93 0.030460
94 0.030367
95 0.030153
96 0.032240
97 0.030533
98 0.032647
99 0.030587
100 0.031113
101 0.033473
102 0.031573
103 0.032513
104 0.031420
105 0.031080
106 0.031167
107 0.030920
108 0.032213
109 0.033393
110 0.031940
111 0.031953
112 0.030820
113 0.030693
114 0.030327
115 0.033153
116 0.033360
117 0.033133
118 0.031593
119 0.032087
120 0.030107
121 0.031987
122 0.033300
123 0.032880
124 0.032587
125 0.031767
126 0.030333
127 0.031427
128 0.031507
129 0.030560
130 0.032800
131 0.030733
132 0.033027
133 0.031027
134 0.031040
135 0.030667
136 0.031400
137 0.030447
138 0.031327
139 0.030867
140 0.031407
141 0.030240
142 0.031380
143 0.030913
144 0.033093
145 0.030940
146 0.030593
147 0.032967
148 0.032133
149 0.031947
150 0.031673
151 0.032320
152 0.033053
153 0.030853
154 0.031760
155 0.032220
156 0.032387
157 0.032093
158 0.032767
159 0.033007
160 0.031693
161 0.030800
162 0.030680
163 0.031280
164 0.032273
165 0.031727
166 0.031493
167 0.030387
168 0.031093
169 0.030440
170 0.032107
171 0.032720
172 0.030813
173 0.032527
174 0.030120
175 0.030547
176 0.031580
177 0.033420
178 0.032447
179 0.030653
180 0.032000
181 0.033080
182 0.031173
183 0.031613
184 0.030040
185 0.031120
186 0.031140
187 0.030080
188 0.033247
189 0.032060
190 0.032073
191 0.030787
192 0.033040
193 0.032540
194 0.031787
195 0.031927
196 0.033127
197 0.030307
198 0.033433
199 0.032013
200 0.032867
201 0.032167
202 0.033467
203 0.032693
204 0.031320
205 0.031160
206 0.032187
207 0.031687
208 0.030767
209 0.033347
210 0.033033
211 0.031800
212 0.030980
213 0.030453
214 0.032173
215 0.031060
216 0.030247
217 0.030160
218 0.032113
219 0.030500
220 0.032227
221 0.032860
222 0.032347
223 0.031827
224 0.031200
225 0.030353
226 0.032420
227 0.031000
228 0.031607
229 0.032373
230 0.032313
231 0.033020
232 0.030780
233 0.032307
234 0.032293
235 0.031207
236 0.030140
237 0.030860
238 0.030773
239 0.031773
240 0.032913
241 0.032940
242 0.032147
243 0.030053
244 0.032833
245 0.032840
246 0.030713
247 0.031720
248 0.030747
249 0.030613
250 0.032260
251 0.030340
252 0.030700
253 0.030600
254 0.031267
255 0.031287
256 0.031620
257 0.030527
258 0.031353
259 0.031700
260 0.030220
261 0.033407
262 0.032120
263 0.031393
264 0.031447
265 0.030927
266 0.032980
267 0.030060
268 0.032400
269 0.030433
270 0.032973
271 0.031893
272 0.031527
273 0.033453
274 0.032653
275 0.033460
276 0.032873
277 0.032993
278 0.030180
279 0.032327
280 0.031467
281 0.032433
282 0.032413
283 0.030827
284 0.031227
285 0.031053
286 0.033340
287 0.032733
288 0.031440
289 0.030567
290 0.030467
291 0.031873
292 0.032567
293 0.031920
294 0.031533
295 0.033100
296 0.033180
297 0.030540
298 0.032493
299 0.031033
300 0.031627
301 0.032047
302 0.031007
303 0.031733
304 0.032027
305 0.033060
306 0.033313
307 0.030193
308 0.030633
309 0.031753
310 0.033373
311 0.030100
312 0.031020
313 0.032427
314 0.031340
315 0.030233
316 0.033200
317 0.033440
318 0.031460
319 0.030660
320 0.031647
321 0.033287
322 0.032573
323 0.031253
324 0.030720
325 0.032900
326 0.032907
327 0.033280
328 0.030013
329 0.033353
330 0.033480
331 0.030740
332 0.031980
333 0.032467
334 0.033413
335 0.033400
336 0.030067
337 0.030073
338 0.032933
339 0.030393
340 0.031307
341 0.031107
342 0.030007
343 0.030553
344 0.033140
345 0.030033
346 0.030953
347 0.030520
348 0.031740
349 0.032507
350 0.030847
351 0.032727
352 0.032353
353 0.030373
354 0.031153
355 0.032080
356 0.032780
357 0.030020
358 0.030753
359 0.033327
360 0.030313
361 0.032193
362 0.031680
363 0.031413
364 0.030807
365 0.031147
366 0.030480
367 0.032300
368 0.033107
369 0.030673
370 0.031240
371 0.030253
372 0.030707
373 0.031193
374 0.032760
375 0.032487
376 0.030320
377 0.032033
378 0.033147
379 0.030993
380 0.033227
381 0.032667
382 0.032333
383 0.033233
384 0.030127
385 0.030947
386 0.032140
387 0.031793
388 0.032793
389 0.033187
390 0.031913
391 0.030093
392 0.031567
393 0.032500
394 0.032920
395 0.031560
396 0.030573
397 0.030873
398 0.033113
399 0.030620
400 0.031220
401 0.032393
402 0.030260
403 0.031633
404 0.031833
405 0.032753
406 0.030933
407 0.032773
408 0.030413
409 0.032200
410 0.032827
411 0.033000
412 0.032600
413 0.032267
414 0.031373
415 0.032473
416 0.032100
417 0.032280
418 0.030487
419 0.032707
420 0.032520
421 0.030133
422 0.030627
423 0.032687
424 0.033193
425 0.031553
426 0.032153
427 0.030427
428 0.032713
429 0.032367
430 0.030840
431 0.031073
432 0.030967
433 0.033307
434 0.032853
435 0.032560
436 0.032407
437 0.032747
438 0.033493
439 0.031780
440 0.030513
441 0.031433
442 0.032547
443 0.033267
444 0.033293
445 0.032233
446 0.032887
447 0.033320
448 0.031273
449 0.031860
450 0.031707
451 0.033087
452 0.033260
453 0.031540
454 0.031233
455 0.032660
456 0.032553
457 0.030147
458 0.033013
459 0.032680
460 0.031847
461 0.031367
462 0.031513
463 0.032340
464 0.032847
465 0.033380
466 0.030047
467 0.030087
468 0.032593
469 0.030960
470 0.032207
471 0.032640
472 0.033067
473 0.030213
474 0.030227
475 0.030893
476 0.031640
477 0.030900
478 0.031067
479 0.032613
480 0.031973
481 0.032360
482 0.032380
483 0.030267
484 0.033273
485 0.031360
486 0.030507
487 0.032580
488 0.031313
489 0.031653
490 0.033073
491 0.030167
492 0.030907
493 0.030793
494 0.032247
495 0.030400
496 0.030293
497 0.031967
498 0.030887
499 0.032700
500 0.031300
501 0.030027
502 0.032533
503 0.030287
504 0.032607
505 0.031453
506 0.031520
507 0.033487
508 0.030607
509 0.032440
510 0.032287
511 0.031667
512 0.033213
513 0.030640
514 0.031993
515 0.030207
516 0.031807
517 0.031133
518 0.032673
519 0.032960
520 0.031100
521 0.033120
522 0.032480
523 0.031333
524 0.030880
