0 0.032780
1 0.032480
2 0.031187
3 0.031293
4 0.032600
5 0.032400
6 0.031553
7 0.032380
8 0.032427
9 0.031713
10 0.033407
11 0.031853
12 0.033100
13 0.031620
14 0.031953
15 0.031607
16 0.031147
17 0.031127
18 0.031813
19 0.030067
20 0.032233
21 0.031793
22 0.030567
23 0.030400
24 0.030467
25 0.030960
26 0.032060
27 0.033107
28 0.031587
29 0.030347
30 0.030520
31 0.030920
32 0.032693
33 0.031647
34 0.032133
35 0.030073
36 0.030627
37 0.030313
38 0.030813
39 0.032873
40 0.031887
41 0.030753
42 0.031333
43 0.031527
44 0.032207
45 0.030080
46 0.032953
47 0.033200
48 0.030880
49 0.031380
50 0.033113
51 0.030260
52 0.030307
53 0.030367
54 0.030333
55 0.033247
56 0.031133
57 0.031773
58 0.032880
59 0.032460
60 0.031927
61 0.033187
62 0.033140
63 0.031180
64 0.031460
65 0.031860
66 0.032720
67 0.031840
68 0.031940
69 0.033253
70 0.031267
71 0.033473
72 0.030687
73 0.032273
74 0.031627
75 0.032500
76 0.031913
77 0.030373
78 0.032227
79 0.032447
80 0.032140
81 0.031873
82 0.030540
83 0.031640
84 0.031907
85 0.030287
86 0.031413
87 0.032627
88 0.032840
89 0.030853
90 0.031667
91 0.030327
92 0.030473
93 0.031347
94 0.032107
95 0.031573
96 0.032700
97 0.031393
98 0.032887
99 0.031253
100 0.030420
101 0.030253
102 0.031240
103 0.031387
104 0.032493
105 0.032320
106 0.033267
107 0.031027
108 0.032907
109 0.032080
110 0.032833
111 0.030220
112 0.033340
113 0.030280
114 0.032673
115 0.030433
116 0.032240
117 0.033467
118 0.031067
119 0.030553
120 0.031007
121 0.030727
122 0.030047
123 0.030800
124 0.032767
125 0.031100
126 0.031900
127 0.032033
128 0.031807
129 0.031340
130 0.032593
131 0.032300
132 0.031487
133 0.033127
134 0.032960
135 0.033173
136 0.032040
137 0.032753
138 0.030613
139 0.031507
140 0.031447
141 0.032860
142 0.032360
143 0.031320
144 0.033400
145 0.030100
146 0.032353
147 0.032247
148 0.031593
149 0.032620
150 0.033040
151 0.030593
152 0.030953
153 0.032013
154 0.031993
155 0.033133
156 0.030487
157 0.032987
158 0.031787
159 0.033167
160 0.033433
161 0.030167
162 0.030173
163 0.030187
164 0.033060
165 0.031580
166 0.031307
167 0.031720
168 0.033293
169 0.031300
170 0.032267
171 0.031407
172 0.033087
173 0.031233
174 0.031767
175 0.033007
176 0.031847
177 0.033047
178 0.030767
179 0.030053
180 0.032253
181 0.031453
182 0.031060
183 0.032547
184 0.032387
185 0.030140
186 0.030200
187 0.031273
188 0.030860
189 0.032913
190 0.033220
191 0.030113
192 0.032827
193 0.030507
194 0.031780
195 0.032433
196 0.032367
197 0.031980
198 0.033000
199 0.032193
200 0.032160
201 0.031880
202 0.032453
203 0.031800
204 0.031973
205 0.033013
206 0.033493
207 0.032607
208 0.032613
209 0.032000
210 0.030793
211 0.030320
212 0.030980
213 0.033440
214 0.030440
215 0.033313
216 0.031893
217 0.031567
218 0.030747
219 0.030713
220 0.030107
221 0.033093
222 0.030847
223 0.032487
224 0.031660
225 0.030693
226 0.030147
227 0.032640
228 0.030360
229 0.033073
230 0.030787
231 0.030560
232 0.031613
233 0.031500
234 0.032327
235 0.031327
236 0.032067
237 0.032333
238 0.033320
239 0.033193
240 0.032900
241 0.030740
242 0.033273
243 0.030380
244 0.031373
245 0.032573
246 0.033487
247 0.032053
248 0.030640
249 0.033353
250 0.031220
251 0.032340
252 0.031047
253 0.031093
254 0.030353
255 0.033147
256 0.032167
257 0.031547
258 0.031227
259 0.030447
260 0.032893
261 0.032347
262 0.030933
263 0.032967
264 0.030247
265 0.031733
266 0.030120
267 0.030153
268 0.031867
269 0.033380
270 0.033373
271 0.031000
272 0.033427
273 0.033180
274 0.030407
275 0.033420
276 0.030947
277 0.031827
278 0.030533
279 0.033307
280 0.031687
281 0.032940
282 0.032280
283 0.030480
284 0.032560
285 0.030807
286 0.030700
287 0.031680
288 0.033480
289 0.032927
290 0.031473
291 0.030193
292 0.030780
293 0.030493
294 0.030040
295 0.033207
296 0.031753
297 0.032540
298 0.033347
299 0.030820
300 0.030620
301 0.033240
302 0.032647
303 0.030033
304 0.031360
305 0.032393
306 0.030973
307 0.031533
308 0.030227
309 0.030993
310 0.030707
311 0.031760
312 0.032147
313 0.032213
314 0.031247
315 0.032747
316 0.031480
317 0.032807
318 0.032313
319 0.030240
320 0.031540
321 0.031207
322 0.033287
323 0.032120
324 0.031987
325 0.032420
326 0.033413
327 0.030653
328 0.030020
329 0.033280
330 0.030500
331 0.033327
332 0.033067
333 0.032087
334 0.032127
335 0.031080
336 0.033387
337 0.032680
338 0.032580
339 0.033460
340 0.030900
341 0.032020
342 0.031967
343 0.033233
344 0.032527
345 0.030873
346 0.030027
347 0.032793
348 0.032920
349 0.032787
350 0.033033
351 0.031933
352 0.032667
353 0.030940
354 0.032007
355 0.032553
356 0.031673
357 0.030513
358 0.031213
359 0.030133
360 0.031013
361 0.032047
362 0.031960
363 0.031020
364 0.030927
365 0.032653
366 0.031287
367 0.032440
368 0.030833
369 0.030060
370 0.032027
371 0.032773
372 0.030773
373 0.032733
374 0.032567
375 0.032587
376 0.030913
377 0.030733
378 0.031040
379 0.030633
380 0.033227
381 0.030580
382 0.032933
383 0.031107
384 0.032220
385 0.032740
386 0.032727
387 0.032100
388 0.031073
389 0.031153
390 0.032947
391 0.032520
392 0.033333
393 0.033027
394 0.030987
395 0.032993
396 0.030160
397 0.032153
398 0.031420
399 0.032853
400 0.032260
401 0.033020
402 0.030180
403 0.031353
404 0.032287
405 0.031820
406 0.033447
407 0.032407
408 0.032093
409 0.031053
410 0.030460
411 0.030213
412 0.030413
413 0.032820
414 0.031727
415 0.032813
416 0.032973
417 0.032687
418 0.032467
419 0.030967
420 0.030840
421 0.031140
422 0.032413
423 0.031113
424 0.031600
425 0.031367
426 0.032707
427 0.033360
428 0.031200
429 0.030127
430 0.030387
431 0.030887
432 0.033053
433 0.031513
434 0.030667
435 0.030207
436 0.032633
437 0.030680
438 0.030087
439 0.032473
440 0.032800
441 0.032113
442 0.031493
443 0.030647
444 0.031433
445 0.030673
446 0.031467
447 0.031947
448 0.030300
449 0.030827
450 0.031633
451 0.031740
452 0.031193
453 0.030000
454 0.032533
455 0.032660
456 0.031160
457 0.030660
458 0.031440
459 0.032293
460 0.033160
461 0.032373
462 0.030587
463 0.031120
464 0.030233
465 0.033153
466 0.030600
467 0.030907
468 0.032760
469 0.030547
470 0.031427
471 0.031920
472 0.032980
473 0.032307
474 0.031313
475 0.030527
476 0.030093
477 0.030573
478 0.030273
479 0.030340
480 0.031033
481 0.033393
482 0.031693
483 0.030453
484 0.030293
485 0.030867
486 0.031747
487 0.031173
488 0.032180
489 0.030013
490 0.031700
491 0.033300
492 0.030267
493 0.033080
494 0.031707
495 0.031280
496 0.030393
497 0.033120
498 0.032713
499 0.032847
500 0.031520
501 0.032173
502 0.030760
503 0.030893
504 0.033367
505 0.032200
506 0.031400
507 0.030007
508 0.033453
509 0.032073
510 0.032187
511 0.031653
512 0.031833
513 0.030720
514 0.032513
515 0.031167
516 0.031560
517 0.033260
518 0.030427
519 0.031260
520 0.033213
521 0.031087
522 0.032867
523 0.030607
524 0.032507
