0 0.033267
1 0.031027
2 0.030120
3 0.031907
4 0.031087
5 0.033347
6 0.032020
7 0.033080
8 0.031353
9 0.033127
10 0.031653
11 0.031280
12 0.031707
13 0.033133
14 0.030253
15 0.033420
16 0.030520
17 0.030207
18 0.031133
19 0.032847
20 0.030273
21 0.032420
22 0.033220
23 0.030800
24 0.031327
25 0.032667
26 0.031320
27 0.032407
28 0.031247
29 0.032567
30 0.031727
31 0.031047
32 0.030247
33 0.031840
34 0.032840
35 0.031267
36 0.031713
37 0.031453
38 0.030893
39 0.032947
40 0.031120
41 0.032400
42 0.030867
43 0.030167
44 0.032067
45 0.031040
46 0.032600
47 0.032467
48 0.031140
49 0.030387
50 0.031860
51 0.031293
52 0.032547
53 0.031613
54 0.031913
55 0.030107
56 0.030847
57 0.033007
58 0.032627
59 0.030333
60 0.032133
61 0.030973
62 0.032660
63 0.032180
64 0.032513
65 0.032047
66 0.033167
67 0.030373
68 0.033193
69 0.030727
70 0.033380
71 0.030967
72 0.032740
73 0.030920
74 0.033213
75 0.031407
76 0.031627
77 0.032380
78 0.033433
79 0.032413
80 0.032447
81 0.031900
82 0.033313
83 0.031573
84 0.033093
85 0.030220
86 0.030200
87 0.030620
88 0.031393
89 0.030927
90 0.032013
91 0.033027
92 0.031480
93 0.031240
94 0.031807
95 0.033440
96 0.032767
97 0.031507
98 0.030473
99 0.032487
100 0.031773
101 0.030873
102 0.032960
103 0.031073
104 0.031300
105 0.032700
106 0.031940
107 0.032360
108 0.031667
109 0.031887
110 0.031360
111 0.033467
112 0.033173
113 0.031207
114 0.031680
115 0.032800
116 0.030180
117 0.030640
118 0.030227
119 0.033160
120 0.033087
121 0.031467
122 0.032733
123 0.031220
124 0.030293
125 0.031167
126 0.031187
127 0.031400
128 0.031987
129 0.031493
130 0.033113
131 0.033020
132 0.031700
133 0.032620
134 0.033387
135 0.032280
136 0.030460
137 0.031947
138 0.030580
139 0.032780
140 0.033040
141 0.030567
142 0.032760
143 0.030480
144 0.032273
145 0.030027
146 0.032100
147 0.031273
148 0.030260
149 0.030647
150 0.033480
151 0.032573
152 0.030400
153 0.032773
154 0.032953
155 0.033293
156 0.030153
157 0.033280
158 0.030733
159 0.030880
160 0.031440
161 0.033447
162 0.030980
163 0.032213
164 0.032640
165 0.031193
166 0.031107
167 0.030833
168 0.032167
169 0.031420
170 0.032900
171 0.031760
172 0.032267
173 0.032227
174 0.033413
175 0.033487
176 0.032353
177 0.031013
178 0.031067
179 0.031853
180 0.030887
181 0.031447
182 0.030547
183 0.031380
184 0.033073
185 0.032813
186 0.030740
187 0.032707
188 0.031200
189 0.031513
190 0.033300
191 0.032973
192 0.031487
193 0.031000
194 0.030627
195 0.032920
196 0.030820
197 0.031827
198 0.032980
199 0.030713
200 0.032113
201 0.032440
202 0.032940
203 0.033153
204 0.030367
205 0.032867
206 0.033140
207 0.032387
208 0.031633
209 0.030467
210 0.030380
211 0.030987
212 0.031520
213 0.030787
214 0.033100
215 0.030147
216 0.031153
217 0.031227
218 0.032500
219 0.031113
220 0.031213
221 0.032333
222 0.033013
223 0.030860
224 0.031473
225 0.031460
226 0.032987
227 0.030527
228 0.031967
229 0.032520
230 0.033360
231 0.032693
232 0.030553
233 0.032860
234 0.031307
235 0.033473
236 0.032300
237 0.032080
238 0.032473
239 0.032533
240 0.031993
241 0.032040
242 0.030433
243 0.032107
244 0.033340
245 0.030080
246 0.031867
247 0.032200
248 0.030453
249 0.032833
250 0.032207
251 0.030607
252 0.031793
253 0.031780
254 0.030933
255 0.030193
256 0.030760
257 0.032587
258 0.030093
259 0.030653
260 0.033493
261 0.030000
262 0.031740
263 0.030667
264 0.031540
265 0.030960
266 0.031733
267 0.033353
268 0.030953
269 0.032580
270 0.030213
271 0.031427
272 0.030173
273 0.032907
274 0.031640
275 0.030127
276 0.031813
277 0.032093
278 0.030033
279 0.032713
280 0.033147
281 0.031647
282 0.032307
283 0.033253
284 0.031880
285 0.031920
286 0.032433
287 0.030133
288 0.030393
289 0.032347
290 0.031833
291 0.032720
292 0.032160
293 0.032647
294 0.032753
295 0.033000
296 0.030280
297 0.030947
298 0.032887
299 0.032453
300 0.030487
301 0.030040
302 0.031333
303 0.030613
304 0.032993
305 0.032173
306 0.030533
307 0.032540
308 0.030773
309 0.030073
310 0.033307
311 0.032120
312 0.031093
313 0.031767
314 0.033333
315 0.032007
316 0.032313
317 0.031260
318 0.030687
319 0.031673
320 0.030767
321 0.032880
322 0.030160
323 0.032027
324 0.031753
325 0.033067
326 0.031007
327 0.030793
328 0.030020
329 0.033367
330 0.032260
331 0.032427
332 0.030587
333 0.032373
334 0.030233
335 0.030500
336 0.030427
337 0.032053
338 0.030573
339 0.031660
340 0.030413
341 0.031433
342 0.030853
343 0.030053
344 0.031720
345 0.031960
346 0.032747
347 0.030513
348 0.032127
349 0.030540
350 0.030440
351 0.031340
352 0.031687
353 0.031927
354 0.030747
355 0.031173
356 0.030993
357 0.030360
358 0.030753
359 0.033207
360 0.033407
361 0.031373
362 0.033400
363 0.030827
364 0.030113
365 0.033240
366 0.031933
367 0.032460
368 0.032253
369 0.030780
370 0.030680
371 0.032680
372 0.030347
373 0.031567
374 0.030100
375 0.031287
376 0.031553
377 0.031180
378 0.032553
379 0.033460
380 0.030087
381 0.033260
382 0.032593
383 0.032320
384 0.031313
385 0.030720
386 0.030693
387 0.031787
388 0.030840
389 0.032480
390 0.032493
391 0.033227
392 0.032393
393 0.031100
394 0.030047
395 0.031693
396 0.032247
397 0.033427
398 0.033060
399 0.033053
400 0.031127
401 0.032000
402 0.033233
403 0.032913
404 0.032073
405 0.033180
406 0.032687
407 0.032233
408 0.030307
409 0.030313
410 0.032927
411 0.031593
412 0.032787
413 0.030940
414 0.030593
415 0.031747
416 0.032827
417 0.030267
418 0.030600
419 0.031893
420 0.030327
421 0.030507
422 0.030067
423 0.032873
424 0.031587
425 0.030900
426 0.033200
427 0.032967
428 0.032853
429 0.032140
430 0.033287
431 0.031413
432 0.030913
433 0.030560
434 0.031233
435 0.032527
436 0.032673
437 0.032367
438 0.031147
439 0.031160
440 0.032340
441 0.030493
442 0.032287
443 0.030673
444 0.033393
445 0.030700
446 0.032727
447 0.031053
448 0.032793
449 0.033327
450 0.032193
451 0.031973
452 0.032607
453 0.030420
454 0.032060
455 0.032033
456 0.032087
457 0.031953
458 0.030007
459 0.031020
460 0.030320
461 0.030013
462 0.031847
463 0.031980
464 0.032893
465 0.031580
466 0.033047
467 0.031873
468 0.030300
469 0.030340
470 0.032327
471 0.030660
472 0.032240
473 0.030240
474 0.032147
475 0.031060
476 0.033120
477 0.033453
478 0.030907
479 0.032293
480 0.030187
481 0.031500
482 0.031560
483 0.032613
484 0.031387
485 0.033273
486 0.032187
487 0.030813
488 0.033187
489 0.033320
490 0.031527
491 0.030060
492 0.030807
493 0.033107
494 0.032933
495 0.030447
496 0.031033
497 0.030707
498 0.031547
499 0.030353
500 0.030633
501 0.030140
502 0.032153
503 0.031600
504 0.030287
505 0.033033
506 0.032560
507 0.032507
508 0.033373
509 0.032653
510 0.031347
511 0.031533
512 0.031080
513 0.032220
514 0.031620
515 0.031253
516 0.031800
517 0.031367
518 0.030407
519 0.032633
520 0.033247
521 0.032820
522 0.031607
523 0.032807
524 0.031820
