100010 100056 100103 100149 100195 100242 100288 100334 100381 100427 100473 100520 100566 100612 100659 100705 100751 100798 100844 100890 100937 100983 
100006 100052 100098 100145 100191 100237 100284 100330 100376 100423 100469 100515 100562 100608 100654 100701 100747 100793 100840 100886 100932 100979 
100008 100054 100101 100147 100193 100240 100286 100332 100379 100425 100471 100518 100564 100610 100657 100703 100749 100796 100842 100888 100935 100981 
100008 100055 100101 100147 100194 100240 100286 100333 100379 100425 100472 100518 100564 100611 100657 100703 100750 100796 100842 100889 100935 100981 
100007 100053 100099 100146 100192 100238 100285 100331 100377 100424 100470 100516 100563 100609 100655 100702 100748 100794 100841 100887 100933 100980 
100013 100059 100105 100152 100198 100244 100291 100337 100383 100430 100476 100522 100569 100615 100661 100708 100754 100800 100847 100893 100939 100985 
100011 100058 100104 100150 100197 100243 100289 100336 100382 100428 100475 100521 100567 100614 100660 100706 100753 100799 100845 100892 100938 100984 
100016 100062 100109 100155 100201 100248 100294 100340 100387 100433 100479 100526 100572 100618 100665 100711 100757 100804 100850 100896 100943 100989 
100017 100064 100110 100156 100203 100249 100295 100342 100388 100434 100481 100527 100573 100620 100666 100712 100759 100805 100851 100898 100944 100990 
100016 100063 100109 100155 100202 100248 100294 100341 100387 100433 100480 100526 100572 100619 100665 100711 100758 100804 100850 100897 100943 100989 
100015 100061 100108 100154 100200 100247 100293 100339 100386 100432 100478 100525 100571 100617 100664 100710 100756 100803 100849 100895 100942 100988 
100016 100062 100109 100155 100201 100248 100294 100340 100386 100433 100479 100525 100572 100618 100664 100711 100757 100803 100850 100896 100942 100989 
100014 100061 100107 100153 100200 100246 100292 100339 100385 100431 100478 100524 100570 100617 100663 100709 100756 100802 100848 100895 100941 100987 
100008 100055 100101 100147 100194 100240 100286 100333 100379 100425 100472 100518 100564 100611 100657 100703 100750 100796 100842 100889 100935 100981 
100012 100059 100105 100151 100198 100244 100290 100337 100383 100429 100476 100522 100568 100615 100661 100707 100754 100800 100846 100893 100939 100985 
100009 100055 100101 100148 100194 100240 100287 100333 100379 100426 100472 100518 100565 100611 100657 100704 100750 100796 100843 100889 100935 100982 
100003 100050 100096 100142 100189 100235 100281 100328 100374 100420 100467 100513 100559 100606 100652 100698 100745 100791 100837 100884 100930 100976 
100009 100055 100102 100148 100194 100241 100287 100333 100380 100426 100472 100519 100565 100611 100658 100704 100750 100797 100843 100889 100936 100982 
100009 100056 100102 100148 100195 100241 100287 100334 100380 100426 100473 100519 100565 100612 100658 100704 100751 100797 100843 100890 100936 100982 
100005 100051 100097 100144 100190 100236 100283 100329 100375 100422 100468 100514 100561 100607 100653 100700 100746 100792 100839 100885 100931 100978 
100000 100046 100092 100139 100185 100231 100278 100324 100370 100417 100463 100509 100556 100602 100648 100695 100741 100787 100834 100880 100926 100973 
100002 100048 100094 100141 100187 100233 100280 100326 100372 100419 100465 100511 100558 100604 100650 100697 100743 100789 100836 100882 100928 100975 
100008 100054 100101 100147 100193 100240 100286 100332 100379 100425 100471 100517 100564 100610 100656 100703 100749 100795 100842 100888 100934 100981 
100010 100057 100103 100149 100196 100242 100288 100335 100381 100427 100474 100520 100566 100613 100659 100705 100752 100798 100844 100891 100937 100983 
100014 100060 100106 100153 100199 100245 100292 100338 100384 100431 100477 100523 100570 100616 100662 100709 100755 100801 100848 100894 100940 100987 
100014 100060 100107 100153 100199 100246 100292 100338 100385 100431 100477 100524 100570 100616 100663 100709 100755 100802 100848 100894 100941 100987 
100015 100061 100107 100154 100200 100246 100293 100339 100385 100432 100478 100524 100571 100617 100663 100710 100756 100802 100849 100895 100941 100988 
100012 100058 100105 100151 100197 100244 100290 100336 100383 100429 100475 100522 100568 100614 100661 100707 100753 100800 100846 100892 100939 100985 
100011 100058 100104 100150 100197 100243 100289 100336 100382 100428 100475 100521 100567 100614 100660 100706 100753 100799 100845 100892 100938 100984 
100005 100052 100098 100144 100191 100237 100283 100330 100376 100422 100469 100515 100561 100608 100654 100700 100747 100793 100839 100885 100932 100978 
100010 100056 100103 100149 100195 100242 100288 100334 100381 100427 100473 100520 100566 100612 100659 100705 100751 100798 100844 100890 100937 100983 
100007 100053 100099 100146 100192 100238 100285 100331 100377 100424 100470 100516 100563 100609 100655 100702 100748 100794 100841 100887 100933 100980 
100008 100054 100100 100147 100193 100239 100286 100332 100378 100425 100471 100517 100564 100610 100656 100703 100749 100795 100842 100888 100934 100980 
100013 100059 100106 100152 100198 100245 100291 100337 100384 100430 100476 100523 100569 100615 100662 100708 100754 100801 100847 100893 100940 100986 
100012 100058 100105 100151 100197 100244 100290 100336 100383 100429 100475 100522 100568 100614 100661 100707 100753 100800 100846 100892 100939 100985 
100011 100057 100104 100150 100196 100243 100289 100335 100382 100428 100474 100521 100567 100613 100660 100706 100752 100799 100845 100891 100938 100984 
100014 100060 100106 100153 100199 100245 100292 100338 100384 100431 100477 100523 100570 100616 100662 100709 100755 100801 100848 100894 100940 100987 
100014 100060 100106 100153 100199 100245 100292 100338 100384 100431 100477 100523 100570 100616 100662 100709 100755 100801 100847 100894 100940 100986 
100009 100055 100102 100148 100194 100241 100287 100333 100380 100426 100472 100519 100565 100611 100658 100704 100750 100797 100843 100889 100936 100982 
100012 100058 100105 100151 100197 100244 100290 100336 100383 100429 100475 100522 100568 100614 100661 100707 100753 100800 100846 100892 100939 100985 
100010 100057 100103 100149 100196 100242 100288 100335 100381 100427 100474 100520 100566 100613 100659 100705 100752 100798 100844 100891 100937 100983 
100012 100058 100104 100151 100197 100243 100290 100336 100382 100429 100475 100521 100568 100614 100660 100707 100753 100799 100846 100892 100938 100985 
100008 100054 100101 100147 100193 100240 100286 100332 100379 100425 100471 100518 100564 100610 100657 100703 100749 100796 100842 100888 100934 100981 
100006 100053 100099 100145 100192 100238 100284 100331 100377 100423 100470 100516 100562 100609 100655 100701 100748 100794 100840 100887 100933 100979 
100008 100055 100101 100147 100194 100240 100286 100333 100379 100425 100472 100518 100564 100611 100657 100703 100750 100796 100842 100889 100935 100981 
100003 100050 100096 100142 100189 100235 100281 100328 100374 100420 100467 100513 100559 100606 100652 100698 100745 100791 100837 100884 100930 100976 
100003 100049 100095 100142 100188 100234 100281 100327 100373 100420 100466 100512 100559 100605 100651 100698 100744 100790 100837 100883 100929 100976 
100042 100089 100135 100181 100228 100274 100320 100367 100413 100459 100506 100552 100598 100645 100691 100737 100784 100830 100876 100922 100969 
100043 100089 100136 100182 100228 100275 100321 100367 100414 100460 100506 100553 100599 100645 100692 100738 100784 100831 100877 100923 100970 
100002 100049 100095 100141 100188 100234 100280 100327 100373 100419 100466 100512 100558 100605 100651 100697 100744 100790 100836 100883 100929 100975 
100002 100048 100095 100141 100187 100234 100280 100326 100373 100419 100465 100512 100558 100604 100651 100697 100743 100790 100836 100882 100929 100975 
100046 100092 100138 100185 100231 100277 100324 100370 100416 100463 100509 100555 100602 100648 100694 100741 100787 100833 100880 100926 100972 
100005 100052 100098 100144 100191 100237 100283 100330 100376 100422 100469 100515 100561 100608 100654 100700 100747 100793 100839 100886 100932 100978 
100002 100049 100095 100141 100188 100234 100280 100327 100373 100419 100466 100512 100558 100605 100651 100697 100744 100790 100836 100883 100929 100975 
100008 100054 100101 100147 100193 100240 100286 100332 100379 100425 100471 100518 100564 100610 100656 100703 100749 100795 100842 100888 100934 100981 
100010 100056 100102 100149 100195 100241 100288 100334 100380 100427 100473 100519 100566 100612 100658 100705 100751 100797 100844 100890 100936 100983 
100012 100058 100104 100151 100197 100243 100290 100336 100382 100429 100475 100521 100568 100614 100660 100707 100753 100799 100846 100892 100938 100985 
100011 100057 100103 100150 100196 100242 100289 100335 100381 100428 100474 100520 100567 100613 100659 100706 100752 100798 100845 100891 100937 100984 
100007 100053 100100 100146 100192 100239 100285 100331 100378 100424 100470 100517 100563 100609 100656 100702 100748 100795 100841 100887 100933 100980 
100011 100058 100104 100150 100197 100243 100289 100336 100382 100428 100475 100521 100567 100614 100660 100706 100752 100799 100845 100891 100938 100984 
100013 100059 100106 100152 100198 100245 100291 100337 100384 100430 100476 100523 100569 100615 100662 100708 100754 100801 100847 100893 100940 100986 
100014 100060 100107 100153 100199 100246 100292 100338 100385 100431 100477 100524 100570 100616 100663 100709 100755 100802 100848 100894 100941 100987 
100014 100060 100106 100153 100199 100245 100292 100338 100384 100431 100477 100523 100570 100616 100662 100709 100755 100801 100848 100894 100940 100987 
100013 100059 100106 100152 100198 100245 100291 100337 100384 100430 100476 100523 100569 100615 100662 100708 100754 100800 100847 100893 100939 100986 
100010 100057 100103 100149 100196 100242 100288 100335 100381 100427 100474 100520 100566 100613 100659 100705 100751 100798 100844 100890 100937 100983 
100006 100052 100098 100145 100191 100237 100284 100330 100376 100423 100469 100515 100562 100608 100654 100701 100747 100793 100840 100886 100932 100979 
100004 100051 100097 100143 100190 100236 100282 100329 100375 100421 100468 100514 100560 100607 100653 100699 100746 100792 100838 100885 100931 100977 
100004 100050 100097 100143 100189 100236 100282 100328 100375 100421 100467 100514 100560 100606 100653 100699 100745 100792 100838 100884 100931 100977 
100045 100092 100138 100184 100231 100277 100323 100370 100416 100462 100509 100555 100601 100648 100694 100740 100787 100833 100879 100926 100972 
100005 100051 100098 100144 100190 100237 100283 100329 100376 100422 100468 100515 100561 100607 100654 100700 100746 100793 100839 100885 100932 100978 
100010 100056 100102 100149 100195 100241 100288 100334 100380 100427 100473 100519 100566 100612 100658 100705 100751 100797 100844 100890 100936 100983 
100008 100055 100101 100147 100194 100240 100286 100333 100379 100425 100472 100518 100564 100611 100657 100703 100750 100796 100842 100889 100935 100981 
100008 100054 100100 100147 100193 100239 100286 100332 100378 100425 100471 100517 100564 100610 100656 100703 100749 100795 100842 100888 100934 100981 
100009 100056 100102 100148 100195 100241 100287 100334 100380 100426 100473 100519 100565 100612 100658 100704 100751 100797 100843 100889 100936 100982 
100012 100059 100105 100151 100198 100244 100290 100337 100383 100429 100476 100522 100568 100615 100661 100707 100754 100800 100846 100893 100939 100985 
100009 100055 100102 100148 100194 100241 100287 100333 100380 100426 100472 100519 100565 100611 100658 100704 100750 100797 100843 100889 100936 100982 
100014 100060 100107 100153 100199 100246 100292 100338 100385 100431 100477 100524 100570 100616 100663 100709 100755 100802 100848 100894 100941 100987 
100013 100059 100105 100152 100198 100244 100291 100337 100383 100430 100476 100522 100569 100615 100661 100707 100754 100800 100846 100893 100939 100985 
100009 100056 100102 100148 100195 100241 100287 100334 100380 100426 100473 100519 100565 100612 100658 100704 100751 100797 100843 100890 100936 100982 
100013 100059 100106 100152 100198 100245 100291 100337 100384 100430 100476 100523 100569 100615 100662 100708 100754 100801 100847 100893 100939 100986 
100010 100056 100102 100149 100195 100241 100288 100334 100380 100427 100473 100519 100566 100612 100658 100705 100751 100797 100844 100890 100936 100983 
100012 100058 100105 100151 100197 100244 100290 100336 100383 100429 100475 100522 100568 100614 100661 100707 100753 100800 100846 100892 100939 100985 
100012 100059 100105 100151 100198 100244 100290 100337 100383 100429 100476 100522 100568 100615 100661 100707 100754 100800 100846 100893 100939 100985 
100006 100052 100099 100145 100191 100238 100284 100330 100377 100423 100469 100516 100562 100608 100654 100701 100747 100793 100840 100886 100932 100979 
100011 100057 100103 100150 100196 100242 100289 100335 100381 100428 100474 100520 100567 100613 100659 100706 100752 100798 100845 100891 100937 100984 
100010 100057 100103 100149 100196 100242 100288 100335 100381 100427 100474 100520 100566 100613 100659 100705 100752 100798 100844 100891 100937 100983 
100010 100056 100103 100149 100195 100242 100288 100334 100381 100427 100473 100520 100566 100612 100659 100705 100751 100798 100844 100890 100937 100983 
100007 100053 100100 100146 100192 100239 100285 100331 100378 100424 100470 100517 100563 100609 100656 100702 100748 100795 100841 100887 100934 100980 
100003 100049 100095 100142 100188 100234 100281 100327 100373 100420 100466 100512 100559 100605 100651 100698 100744 100790 100837 100883 100929 100976 
100045 100092 100138 100184 100231 100277 100323 100370 100416 100462 100509 100555 100601 100648 100694 100740 100787 100833 100879 100926 100972 
100006 100053 100099 100145 100192 100238 100284 100331 100377 100423 100470 100516 100562 100609 100655 100701 100748 100794 100840 100886 100933 100979 
100008 100054 100101 100147 100193 100240 100286 100332 100379 100425 100471 100518 100564 100610 100657 100703 100749 100796 100842 100888 100935 100981 
100006 100053 100099 100145 100192 100238 100284 100331 100377 100423 100470 100516 100562 100609 100655 100701 100748 100794 100840 100887 100933 100979 
100000 100047 100093 100139 100186 100232 100278 100325 100371 100417 100464 100510 100556 100603 100649 100695 100742 100788 100834 100881 100927 100973 
100006 100052 100098 100145 100191 100237 100284 100330 100376 100423 100469 100515 100562 100608 100654 100701 100747 100793 100840 100886 100932 100979 
100004 100051 100097 100143 100190 100236 100282 100329 100375 100421 100468 100514 100560 100607 100653 100699 100746 100792 100838 100885 100931 100977 
100001 100048 100094 100140 100187 100233 100279 100326 100372 100418 100465 100511 100557 100604 100650 100696 100743 100789 100835 100882 100928 100974 
100044 100091 100137 100183 100230 100276 100322 100369 100415 100461 100508 100554 100600 100647 100693 100739 100786 100832 100878 100924 100971 
100042 100089 100135 100181 100228 100274 100320 100367 100413 100459 100506 100552 100598 100644 100691 100737 100783 100830 100876 100922 100969 
100001 100047 100093 100140 100186 100232 100279 100325 100371 100418 100464 100510 100557 100603 100649 100696 100742 100788 100835 100881 100927 100974 
100007 100053 100099 100146 100192 100238 100285 100331 100377 100424 100470 100516 100563 100609 100655 100702 100748 100794 100841 100887 100933 100980 
100009 100056 100102 100148 100195 100241 100287 100334 100380 100426 100473 100519 100565 100612 100658 100704 100751 100797 100843 100890 100936 100982 
100010 100057 100103 100149 100196 100242 100288 100335 100381 100427 100474 100520 100566 100613 100659 100705 100752 100798 100844 100891 100937 100983 
100012 100058 100105 100151 100197 100244 100290 100336 100383 100429 100475 100522 100568 100614 100661 100707 100753 100800 100846 100892 100939 100985 
100008 100055 100101 100147 100194 100240 100286 100333 100379 100425 100472 100518 100564 100611 100657 100703 100750 100796 100842 100888 100935 100981 
100010 100056 100103 100149 100195 100242 100288 100334 100381 100427 100473 100520 100566 100612 100659 100705 100751 100798 100844 100890 100937 100983 
100007 100053 100100 100146 100192 100239 100285 100331 100378 100424 100470 100517 100563 100609 100656 100702 100748 100795 100841 100887 100934 100980 
100013 100060 100106 100152 100199 100245 100291 100338 100384 100430 100477 100523 100569 100616 100662 100708 100755 100801 100847 100894 100940 100986 
100015 100061 100107 100154 100200 100246 100293 100339 100385 100432 100478 100524 100571 100617 100663 100710 100756 100802 100848 100895 100941 100987 
100011 100058 100104 100150 100197 100243 100289 100336 100382 100428 100475 100521 100567 100614 100660 100706 100753 100799 100845 100892 100938 100984 
100014 100060 100107 100153 100199 100246 100292 100338 100385 100431 100477 100524 100570 100616 100663 100709 100755 100801 100848 100894 100940 100987 
100009 100056 100102 100148 100195 100241 100287 100334 100380 100426 100473 100519 100565 100612 100658 100704 100751 100797 100843 100890 100936 100982 
100005 100051 100098 100144 100190 100237 100283 100329 100376 100422 100468 100515 100561 100607 100654 100700 100746 100793 100839 100885 100932 100978 
100011 100057 100103 100150 100196 100242 100289 100335 100381 100428 100474 100520 100567 100613 100659 100705 100752 100798 100844 100891 100937 100983 
100013 100060 100106 100152 100199 100245 100291 100338 100384 100430 100477 100523 100569 100616 100662 100708 100755 100801 100847 100894 100940 100986 
100013 100059 100106 100152 100198 100245 100291 100337 100384 100430 100476 100523 100569 100615 100662 100708 100754 100801 100847 100893 100940 100986 
100009 100056 100102 100148 100195 100241 100287 100334 100380 100426 100473 100519 100565 100612 100658 100704 100751 100797 100843 100890 100936 100982 
100010 100056 100102 100149 100195 100241 100288 100334 100380 100427 100473 100519 100566 100612 100658 100705 100751 100797 100844 100890 100936 100983 
100010 100056 100102 100149 100195 100241 100288 100334 100380 100427 100473 100519 100566 100612 100658 100705 100751 100797 100844 100890 100936 100983 
100011 100057 100103 100150 100196 100242 100289 100335 100381 100428 100474 100520 100567 100613 100659 100706 100752 100798 100845 100891 100937 100984 
100013 100059 100105 100152 100198 100244 100291 100337 100383 100430 100476 100522 100569 100615 100661 100708 100754 100800 100847 100893 100939 100986 
100009 100055 100102 100148 100194 100241 100287 100333 100380 100426 100472 100519 100565 100611 100658 100704 100750 100797 100843 100889 100936 100982 
100006 100053 100099 100145 100192 100238 100284 100331 100377 100423 100470 100516 100562 100609 100655 100701 100748 100794 100840 100887 100933 100979 
100003 100050 100096 100143 100189 100235 100282 100328 100374 100421 100467 100513 100560 100606 100652 100699 100745 100791 100838 100884 100930 100977 
100004 100051 100097 100143 100190 100236 100282 100329 100375 100421 100468 100514 100560 100607 100653 100699 100746 100792 100838 100885 100931 100977 
100002 100048 100094 100141 100187 100233 100280 100326 100372 100419 100465 100511 100558 100604 100650 100697 100743 100789 100836 100882 100928 100975 
100041 100087 100134 100180 100226 100273 100319 100365 100412 100458 100504 100551 100597 100643 100690 100736 100782 100829 100875 100921 100968 
100043 100090 100136 100182 100229 100275 100321 100368 100414 100460 100507 100553 100599 100646 100692 100738 100785 100831 100877 100924 100970 
100046 100092 100138 100185 100231 100277 100324 100370 100416 100463 100509 100555 100602 100648 100694 100741 100787 100833 100880 100926 100972 
100040 100087 100133 100179 100226 100272 100318 100365 100411 100457 100504 100550 100596 100643 100689 100735 100782 100828 100874 100921 100967 
100046 100092 100139 100185 100231 100278 100324 100370 100417 100463 100509 100556 100602 100648 100695 100741 100787 100834 100880 100926 100973 
100000 100047 100093 100139 100186 100232 100278 100325 100371 100417 100464 100510 100556 100603 100649 100695 100742 100788 100834 100881 100927 100973 
100005 100051 100097 100144 100190 100236 100283 100329 100375 100422 100468 100514 100561 100607 100653 100700 100746 100792 100839 100885 100931 100978 
100004 100050 100096 100143 100189 100235 100282 100328 100374 100421 100467 100513 100560 100606 100652 100699 100745 100791 100838 100884 100930 100977 
100046 100092 100138 100185 100231 100277 100324 100370 100416 100463 100509 100555 100602 100648 100694 100741 100787 100833 100880 100926 100972 
100044 100091 100137 100183 100230 100276 100322 100369 100415 100461 100508 100554 100600 100647 100693 100739 100786 100832 100878 100925 100971 
100040 100086 100132 100179 100225 100272 100318 100364 100411 100457 100503 100550 100596 100642 100689 100735 100781 100828 100874 100920 100967 
100045 100092 100138 100184 100231 100277 100323 100370 100416 100462 100509 100555 100601 100648 100694 100740 100787 100833 100879 100926 100972 
100001 100047 100093 100140 100186 100232 100279 100325 100371 100418 100464 100510 100557 100603 100649 100696 100742 100788 100835 100881 100927 100974 
100002 100049 100095 100141 100188 100234 100280 100327 100373 100419 100466 100512 100558 100605 100651 100697 100744 100790 100836 100883 100929 100975 
100042 100089 100135 100181 100228 100274 100320 100367 100413 100460 100506 100552 100599 100645 100691 100738 100784 100830 100876 100923 100969 
100000 100047 100093 100139 100186 100232 100278 100325 100371 100417 100464 100510 100556 100603 100649 100695 100742 100788 100834 100881 100927 100973 
100004 100050 100096 100143 100189 100235 100282 100328 100374 100421 100467 100513 100560 100606 100652 100699 100745 100791 100838 100884 100930 100977 
100001 100047 100093 100140 100186 100232 100279 100325 100371 100418 100464 100510 100557 100603 100649 100696 100742 100788 100835 100881 100927 100974 
100006 100052 100099 100145 100191 100238 100284 100330 100377 100423 100469 100516 100562 100608 100655 100701 100747 100794 100840 100886 100933 100979 
100004 100050 100096 100143 100189 100235 100282 100328 100374 100421 100467 100513 100560 100606 100652 100699 100745 100791 100838 100884 100930 100977 
100000 100046 100093 100139 100185 100232 100278 100324 100371 100417 100463 100510 100556 100602 100649 100695 100741 100788 100834 100880 100926 100973 
100005 100051 100098 100144 100190 100237 100283 100329 100376 100422 100468 100515 100561 100607 100654 100700 100746 100793 100839 100885 100931 100978 
100009 100055 100102 100148 100194 100241 100287 100333 100380 100426 100472 100519 100565 100611 100658 100704 100750 100797 100843 100889 100936 100982 
100008 100054 100101 100147 100193 100240 100286 100332 100379 100425 100471 100518 100564 100610 100657 100703 100749 100796 100842 100888 100935 100981 
100006 100052 100098 100145 100191 100237 100284 100330 100376 100423 100469 100515 100562 100608 100654 100701 100747 100793 100840 100886 100932 100979 
100009 100055 100101 100148 100194 100240 100287 100333 100379 100426 100472 100518 100565 100611 100657 100704 100750 100796 100843 100889 100935 100982 
100013 100059 100106 100152 100198 100245 100291 100337 100384 100430 100476 100523 100569 100615 100662 100708 100754 100801 100847 100893 100940 100986 
100015 100062 100108 100154 100201 100247 100293 100340 100386 100432 100479 100525 100571 100618 100664 100710 100757 100803 100849 100896 100942 100988 
100018 100064 100111 100157 100203 100250 100296 100342 100389 100435 100481 100528 100574 100620 100667 100713 100759 100806 100852 100898 100945 100991 
100017 100064 100110 100156 100203 100249 100295 100342 100388 100434 100481 100527 100573 100619 100666 100712 100758 100805 100851 100897 100944 100990 
100013 100059 100105 100152 100198 100244 100291 100337 100383 100430 100476 100522 100569 100615 100661 100708 100754 100800 100847 100893 100939 100986 
100017 100063 100110 100156 100202 100249 100295 100341 100388 100434 100480 100527 100573 100619 100666 100712 100758 100805 100851 100897 100944 100990 
100014 100060 100106 100153 100199 100245 100292 100338 100384 100431 100477 100523 100570 100616 100662 100709 100755 100801 100848 100894 100940 100987 
100018 100064 100110 100157 100203 100249 100296 100342 100388 100435 100481 100527 100574 100620 100666 100713 100759 100805 100852 100898 100944 100990 
100015 100061 100107 100154 100200 100246 100293 100339 100385 100432 100478 100524 100571 100617 100663 100710 100756 100802 100849 100895 100941 100988 
100013 100059 100106 100152 100198 100245 100291 100337 100384 100430 100476 100523 100569 100615 100662 100708 100754 100800 100847 100893 100939 100986 
100008 100054 100101 100147 100193 100239 100286 100332 100378 100425 100471 100517 100564 100610 100656 100703 100749 100795 100842 100888 100934 100981 
100003 100049 100095 100142 100188 100234 100281 100327 100373 100420 100466 100512 100559 100605 100651 100697 100744 100790 100836 100883 100929 100975 
100008 100054 100101 100147 100193 100240 100286 100332 100379 100425 100471 100518 100564 100610 100657 100703 100749 100796 100842 100888 100934 100981 
100011 100058 100104 100150 100197 100243 100289 100336 100382 100428 100475 100521 100567 100614 100660 100706 100753 100799 100845 100892 100938 100984 
100010 100057 100103 100149 100196 100242 100288 100335 100381 100427 100474 100520 100566 100613 100659 100705 100752 100798 100844 100891 100937 100983 
100015 100061 100108 100154 100200 100247 100293 100339 100386 100432 100478 100525 100571 100617 100664 100710 100756 100803 100849 100895 100942 100988 
100013 100059 100105 100152 100198 100244 100291 100337 100383 100430 100476 100522 100568 100615 100661 100707 100754 100800 100846 100893 100939 100985 
100017 100063 100109 100156 100202 100248 100294 100341 100387 100433 100480 100526 100572 100619 100665 100711 100758 100804 100850 100897 100943 100989 
100017 100064 100110 100156 100203 100249 100295 100342 100388 100434 100481 100527 100573 100620 100666 100712 100759 100805 100851 100897 100944 100990 
100015 100062 100108 100154 100201 100247 100293 100340 100386 100432 100479 100525 100571 100617 100664 100710 100756 100803 100849 100895 100942 100988 
100020 100067 100113 100159 100206 100252 100298 100345 100391 100437 100484 100530 100576 100623 100669 100715 100761 100808 100854 100900 100947 100993 
100020 100066 100112 100158 100205 100251 100297 100344 100390 100436 100483 100529 100575 100622 100668 100714 100761 100807 100853 100900 100946 100992 
100017 100063 100109 100156 100202 100248 100294 100341 100387 100433 100480 100526 100572 100619 100665 100711 100758 100804 100850 100897 100943 100989 
100017 100063 100110 100156 100202 100249 100295 100341 100388 100434 100480 100526 100573 100619 100665 100712 100758 100804 100851 100897 100943 100990 
100010 100056 100102 100149 100195 100241 100288 100334 100380 100426 100473 100519 100565 100612 100658 100704 100751 100797 100843 100890 100936 100982 
100015 100061 100107 100154 100200 100246 100293 100339 100385 100432 100478 100524 100571 100617 100663 100710 100756 100802 100848 100895 100941 100987 
100018 100065 100111 100157 100204 100250 100296 100343 100389 100435 100482 100528 100574 100621 100667 100713 100760 100806 100852 100898 100945 100991 
100019 100066 100112 100158 100205 100251 100297 100344 100390 100436 100483 100529 100575 100622 100668 100714 100761 100807 100853 100899 100946 100992 
100015 100061 100107 100153 100200 100246 100292 100339 100385 100431 100478 100524 100570 100617 100663 100709 100756 100802 100848 100895 100941 100987 
100021 100067 100113 100160 100206 100252 100299 100345 100391 100438 100484 100530 100577 100623 100669 100716 100762 100808 100855 100901 100947 100993 
100020 100066 100112 100159 100205 100251 100297 100344 100390 100436 100483 100529 100575 100622 100668 100714 100761 100807 100853 100900 100946 100992 
100022 100069 100115 100161 100208 100254 100300 100347 100393 100439 100486 100532 100578 100625 100671 100717 100764 100810 100856 100902 100949 100995 
100027 100074 100120 100166 100213 100259 100305 100352 100398 100444 100491 100537 100583 100629 100676 100722 100768 100815 100861 100907 100954 
100030 100076 100123 100169 100215 100261 100308 100354 100400 100447 100493 100539 100586 100632 100678 100725 100771 100817 100864 100910 100956 
100033 100079 100125 100172 100218 100264 100311 100357 100403 100450 100496 100542 100589 100635 100681 100728 100774 100820 100867 100913 100959 
100039 100085 100132 100178 100224 100271 100317 100363 100410 100456 100502 100549 100595 100641 100688 100734 100780 100827 100873 100919 100966 
100039 100085 100132 100178 100224 100271 100317 100363 100410 100456 100502 100549 100595 100641 100688 100734 100780 100827 100873 100919 100966 
100000 100046 100092 100139 100185 100231 100278 100324 100370 100417 100463 100509 100556 100602 100648 100695 100741 100787 100834 100880 100926 100973 
100002 100048 100094 100141 100187 100233 100280 100326 100372 100419 100465 100511 100558 100604 100650 100697 100743 100789 100836 100882 100928 100974 
100002 100048 100095 100141 100187 100234 100280 100326 100373 100419 100465 100512 100558 100604 100651 100697 100743 100790 100836 100882 100929 100975 
100005 100052 100098 100144 100191 100237 100283 100330 100376 100422 100469 100515 100561 100608 100654 100700 100747 100793 100839 100886 100932 100978 
100004 100050 100096 100143 100189 100235 100282 100328 100374 100421 100467 100513 100560 100606 100652 100699 100745 100791 100837 100884 100930 100976 
100008 100054 100100 100147 100193 100239 100286 100332 100378 100425 100471 100517 100564 100610 100656 100702 100749 100795 100841 100888 100934 100980 
100004 100051 100097 100143 100190 100236 100282 100329 100375 100421 100468 100514 100560 100606 100653 100699 100745 100792 100838 100884 100931 100977 
100002 100049 100095 100141 100188 100234 100280 100327 100373 100419 100466 100512 100558 100605 100651 100697 100743 100790 100836 100882 100929 100975 
100006 100052 100098 100145 100191 100237 100284 100330 100376 100423 100469 100515 100562 100608 100654 100700 100747 100793 100839 100886 100932 100978 
100045 100092 100138 100184 100231 100277 100323 100370 100416 100462 100509 100555 100601 100648 100694 100740 100787 100833 100879 100925 100972 
100004 100050 100096 100143 100189 100235 100282 100328 100374 100421 100467 100513 100560 100606 100652 100699 100745 100791 100838 100884 100930 100976 
100004 100050 100097 100143 100189 100236 100282 100328 100375 100421 100467 100514 100560 100606 100653 100699 100745 100791 100838 100884 100930 100977 
100044 100091 100137 100183 100230 100276 100322 100369 100415 100461 100508 100554 100600 100646 100693 100739 100785 100832 100878 100924 100971 
100006 100052 100098 100145 100191 100237 100284 100330 100376 100423 100469 100515 100562 100608 100654 100701 100747 100793 100840 100886 100932 100978 
100004 100050 100096 100143 100189 100235 100282 100328 100374 100421 100467 100513 100560 100606 100652 100699 100745 100791 100838 100884 100930 100976 
100010 100056 100103 100149 100195 100242 100288 100334 100381 100427 100473 100520 100566 100612 100659 100705 100751 100797 100844 100890 100936 100983 
100011 100057 100103 100150 100196 100242 100289 100335 100381 100428 100474 100520 100566 100613 100659 100705 100752 100798 100844 100891 100937 100983 
100013 100060 100106 100152 100199 100245 100291 100338 100384 100430 100477 100523 100569 100616 100662 100708 100754 100801 100847 100893 100940 100986 
100012 100058 100105 100151 100197 100244 100290 100336 100383 100429 100475 100522 100568 100614 100661 100707 100753 100800 100846 100892 100938 100985 
100015 100061 100107 100154 100200 100246 100293 100339 100385 100432 100478 100524 100570 100617 100663 100709 100756 100802 100848 100895 100941 100987 
100013 100059 100106 100152 100198 100245 100291 100337 100384 100430 100476 100523 100569 100615 100661 100708 100754 100800 100847 100893 100939 100985 
100009 100056 100102 100148 100195 100241 100287 100334 100380 100426 100473 100519 100565 100611 100658 100704 100750 100797 100843 100889 100935 100982 
100003 100050 100096 100142 100189 100235 100281 100328 100374 100420 100467 100513 100559 100605 100652 100698 100744 100791 100837 100883 100929 100976 
100006 100052 100098 100145 100191 100237 100284 100330 100376 100423 100469 100515 100561 100608 100654 100700 100747 100793 100839 100885 100932 100978 
100012 100058 100105 100151 100197 100244 100290 100336 100383 100429 100475 100521 100568 100614 100660 100707 100753 100799 100845 100892 100938 100984 
100015 100062 100108 100154 100201 100247 100293 100340 100386 100432 100479 100525 100571 100617 100664 100710 100756 100803 100849 100895 100941 100988 
100016 100062 100108 100155 100201 100247 100294 100340 100386 100432 100479 100525 100571 100618 100664 100710 100757 100803 100849 100895 100942 100988 
100010 100057 100103 100149 100196 100242 100288 100335 100381 100427 100473 100520 100566 100612 100659 100705 100751 100798 100844 100890 100936 100983 
100015 100061 100107 100154 100200 100246 100293 100339 100385 100431 100478 100524 100570 100617 100663 100709 100756 100802 100848 100894 100941 100987 
100010 100057 100103 100149 100196 100242 100288 100334 100381 100427 100473 100520 100566 100612 100659 100705 100751 100797 100844 100890 100936 100983 
100015 100061 100108 100154 100200 100247 100293 100339 100385 100432 100478 100524 100571 100617 100663 100710 100756 100802 100848 100895 100941 100987 
100017 100063 100110 100156 100202 100249 100295 100341 100388 100434 100480 100526 100573 100619 100665 100712 100758 100804 100850 100897 100943 100989 
100018 100064 100111 100157 100203 100249 100296 100342 100388 100435 100481 100527 100573 100620 100666 100712 100759 100805 100851 100897 100944 100990 
100015 100061 100108 100154 100200 100246 100293 100339 100385 100432 100478 100524 100570 100617 100663 100709 100756 100802 100848 100894 100941 100987 
100018 100064 100111 100157 100203 100249 100296 100342 100388 100435 100481 100527 100573 100620 100666 100712 100759 100805 100851 100897 100944 100990 
100014 100060 100106 100153 100199 100245 100291 100338 100384 100430 100476 100523 100569 100615 100662 100708 100754 100800 100847 100893 100939 100985 
100010 100056 100102 100148 100195 100241 100287 100334 100380 100426 100472 100519 100565 100611 100657 100704 100750 100796 100842 100889 100935 100981 
100015 100061 100108 100154 100200 100247 100293 100339 100385 100432 100478 100524 100570 100617 100663 100709 100755 100802 100848 100894 100941 100987 
100017 100064 100110 100156 100202 100249 100295 100341 100388 100434 100480 100526 100573 100619 100665 100711 100758 100804 100850 100896 100943 100989 
100021 100067 100114 100160 100206 100253 100299 100345 100391 100438 100484 100530 100576 100623 100669 100715 100762 100808 100854 100900 100947 100993 
100022 100068 100115 100161 100207 100253 100300 100346 100392 100438 100485 100531 100577 100623 100670 100716 100762 100809 100855 100901 100947 100994 
100021 100067 100113 100159 100206 100252 100298 100344 100391 100437 100483 100529 100576 100622 100668 100714 100761 100807 100853 100899 100946 100992 
100019 100065 100112 100158 100204 100250 100297 100343 100389 100435 100482 100528 100574 100620 100666 100713 100759 100805 100851 100898 100944 100990 
100017 100064 100110 100156 100202 100249 100295 100341 100387 100434 100480 100526 100572 100619 100665 100711 100757 100803 100849 100896 100942 100988 
100015 100062 100108 100154 100200 100247 100293 100339 100385 100432 100478 100524 100570 100616 100663 100709 100755 100801 100847 100894 100940 100986 
100012 100058 100104 100150 100197 100243 100289 100335 100382 100428 100474 100520 100566 100613 100659 100705 100751 100797 100844 100890 100936 100982 
100013 100060 100106 100152 100198 100245 100291 100337 100383 100430 100476 100522 100568 100614 100661 100707 100753 100799 100845 100891 100937 100983 
100012 100058 100104 100150 100197 100243 100289 100335 100381 100428 100474 100520 100566 100612 100659 100705 100751 100797 100843 100889 100935 100981 
100007 100053 100099 100146 100192 100238 100284 100331 100377 100423 100469 100515 100561 100608 100654 100700 100746 100792 100838 100884 100930 100976 
100010 100056 100103 100149 100195 100241 100288 100334 100380 100426 100472 100518 100565 100611 100657 100703 100749 100795 100841 100887 100934 100980 
100011 100057 100103 100149 100195 100242 100288 100334 100380 100426 100473 100519 100565 100611 100657 100703 100749 100795 100841 100887 100933 100979 
100005 100051 100097 100143 100189 100236 100282 100328 100374 100420 100467 100513 100559 100605 100651 100697 100743 100789 100835 100881 100927 100973 
100010 100057 100103 100149 100195 100241 100288 100334 100380 100426 100472 100518 100565 100611 100657 100703 100749 100795 100841 100887 100933 100979 
100012 100058 100104 100150 100196 100243 100289 100335 100381 100427 100473 100520 100566 100612 100658 100704 100750 100796 100842 100888 100934 100980 
100006 100053 100099 100145 100191 100237 100284 100330 100376 100422 100468 100514 100560 100606 100652 100698 100744 100790 100836 100882 100928 100974 
100010 100056 100102 100148 100194 100241 100287 100333 100379 100425 100471 100517 100563 100609 100655 100701 100747 100793 100839 100885 100931 100977 
100006 100052 100098 100144 100191 100237 100283 100329 100375 100421 100467 100513 100559 100606 100651 100697 100743 100789 100835 100881 100927 100972 
100006 100052 100099 100145 100191 100237 100283 100329 100376 100422 100468 100514 100560 100606 100652 100698 100743 100789 100835 100881 100927 100972 
100004 100050 100097 100143 100189 100235 100281 100327 100373 100419 100466 100512 100558 100604 100649 100695 100741 100787 100833 100878 100924 100970 
100002 100048 100094 100141 100187 100233 100279 100325 100371 100417 100463 100509 100555 100601 100647 100693 100739 100785 100830 100876 100922 100967 
100044 100091 100137 100183 100229 100275 100321 100367 100413 100460 100506 100552 100598 100643 100689 100735 100781 100827 100872 100918 100963 
100001 100047 100093 100139 100185 100231 100277 100323 100370 100416 100462 100508 100554 100599 100645 100691 100737 100783 100828 100874 100919 100965 
100045 100091 100137 100183 100229 100275 100321 100367 100413 100459 100505 100551 100597 100643 100689 100734 100780 100826 100871 100917 100962 
100045 100092 100138 100184 100230 100276 100322 100368 100414 100460 100506 100552 100597 100643 100689 100735 100780 100826 100871 100917 100962 
100040 100086 100132 100178 100224 100270 100317 100362 100408 100454 100500 100546 100592 100638 100683 100729 100775 100820 100866 100911 100956 
100037 100084 100130 100176 100222 100268 100314 100360 100406 100452 100498 100543 100589 100635 100680 100726 100772 100817 100862 100908 100953 100998 
100044 100090 100136 100182 100228 100274 100320 100366 100412 100458 100504 100550 100596 100641 100687 100733 100778 100824 100869 100914 100960 
100043 100089 100135 100181 100227 100273 100319 100365 100411 100457 100503 100548 100594 100640 100685 100731 100777 100822 100867 100913 100958 
100002 100048 100094 100140 100186 100232 100278 100324 100370 100416 100461 100507 100553 100599 100644 100690 100735 100781 100826 100871 100917 100962 
100003 100049 100095 100141 100187 100232 100278 100324 100369 100415 100460 100506 100551 100597 100642 100687 100732 100778 100823 100868 100913 100958 
100044 100090 100136 100181 100227 100272 100317 100363 100408 100453 100498 100544 100589 100634 100679 100724 100770 100815 100860 100905 100951 100996 
100037 100082 100128 100173 100219 100264 100309 100355 100400 100445 100490 100536 100581 100626 100671 100717 100762 100807 100852 100898 100943 100989 
100030 100076 100121 100167 100212 100258 100303 100348 100394 100439 100484 100529 100575 100620 100665 100710 100756 100801 100846 100892 100937 100983 
100023 100068 100114 100159 100204 100250 100295 100340 100386 100431 100476 100521 100567 100612 100657 100702 100748 100793 100839 100884 100930 100975 
100016 100062 100107 100153 100198 100243 100289 100334 100379 100425 100470 100515 100561 100606 100651 100697 100742 100788 100833 100879 100924 100970 
100010 100055 100101 100146 100192 100237 100282 100328 100373 100418 100464 100509 100554 100600 100645 100690 100736 100781 100827 100872 100918 100964 
100009 100054 100099 100145 100190 100235 100280 100325 100370 100415 100460 100506 100551 100596 100642 100687 100733 100779 100825 100871 100916 100962 
100004 100049 100094 100138 100183 100228 100273 100318 100363 100409 100454 100500 100545 100591 100637 100682 100728 100774 100820 100866 100912 100958 
100041 100086 100131 100176 100221 100266 100311 100356 100402 100447 100493 100538 100584 100630 100676 100722 100768 100814 100859 100905 100952 100998 
100040 100085 100130 100175 100220 100266 100311 100357 100402 100448 100494 100540 100586 100632 100678 100724 100770 100816 100862 100908 100954 
100033 100078 100124 100169 100214 100260 100305 100351 100397 100442 100488 100534 100580 100626 100672 100718 100764 100810 100857 100903 100949 100995 
100029 100075 100120 100166 100211 100257 100303 100349 100394 100440 100486 100532 100578 100624 100671 100717 100763 100809 100855 100901 100947 100993 
100028 100073 100119 100165 100211 100257 100302 100348 100394 100440 100486 100533 100579 100625 100671 100717 100763 100809 100855 100902 100948 100994 
100021 100067 100113 100158 100204 100250 100296 100342 100388 100434 100480 100526 100572 100619 100665 100711 100757 100803 100849 100896 100942 100988 
100026 100071 100117 100163 100209 100255 100301 100347 100393 100439 100485 100531 100577 100623 100669 100715 100761 100808 100854 100900 100946 100992 
100025 100071 100116 100162 100208 100254 100300 100346 100392 100438 100484 100531 100577 100623 100669 100715 100761 100807 100853 100899 100945 100992 
100021 100067 100113 100159 100205 100251 100297 100343 100389 100435 100481 100527 100573 100619 100665 100711 100757 100803 100850 100896 100942 100988 
100018 100063 100109 100155 100201 100247 100293 100339 100385 100431 100478 100524 100570 100616 100662 100708 100754 100800 100846 100892 100938 100985 
100011 100057 100103 100149 100195 100241 100287 100333 100379 100425 100471 100517 100563 100609 100655 100702 100748 100794 100840 100886 100932 100978 
100015 100061 100107 100152 100198 100244 100290 100337 100383 100429 100475 100521 100567 100613 100659 100705 100751 100797 100843 100889 100936 100982 
100012 100058 100104 100150 100196 100242 100288 100334 100380 100426 100472 100518 100564 100610 100656 100702 100748 100794 100841 100887 100933 100979 
100014 100059 100105 100151 100197 100243 100289 100335 100381 100428 100474 100520 100566 100612 100658 100704 100750 100796 100842 100888 100934 100981 
100019 100065 100111 100157 100203 100249 100295 100341 100387 100433 100479 100525 100571 100617 100663 100709 100755 100801 100847 100893 100940 100986 
100019 100065 100111 100157 100203 100249 100295 100341 100387 100433 100479 100525 100571 100618 100664 100710 100756 100802 100848 100894 100940 100986 
100019 100065 100111 100157 100203 100249 100295 100341 100387 100434 100480 100526 100572 100618 100664 100710 100756 100802 100848 100894 100940 100986 
100019 100065 100111 100157 100203 100249 100295 100341 100387 100433 100479 100525 100571 100617 100663 100709 100755 100801 100848 100894 100940 100986 
100019 100065 100111 100157 100203 100249 100295 100341 100387 100433 100479 100525 100571 100618 100664 100710 100756 100802 100848 100894 100940 100986 
100017 100063 100109 100155 100201 100247 100293 100339 100385 100431 100477 100523 100569 100615 100661 100707 100753 100799 100845 100891 100937 100984 
100011 100057 100103 100149 100195 100241 100287 100333 100379 100425 100471 100517 100563 100609 100655 100701 100747 100793 100839 100885 100932 100978 
100010 100056 100102 100148 100194 100240 100286 100332 100378 100424 100470 100516 100562 100608 100654 100700 100746 100792 100838 100884 100930 100976 
100012 100058 100104 100150 100196 100242 100288 100334 100380 100426 100472 100518 100564 100610 100657 100703 100749 100795 100841 100887 100933 100979 
100007 100053 100099 100145 100191 100237 100283 100329 100375 100421 100467 100513 100559 100605 100651 100697 100743 100789 100835 100881 100927 100974 
100013 100059 100105 100151 100197 100243 100289 100335 100381 100427 100473 100519 100565 100611 100657 100703 100750 100796 100842 100888 100934 100980 
100014 100060 100106 100152 100198 100244 100290 100336 100382 100428 100474 100521 100567 100613 100659 100705 100751 100797 100843 100889 100935 100981 
100016 100062 100108 100154 100200 100246 100292 100338 100384 100430 100476 100522 100568 100614 100660 100706 100752 100798 100844 100890 100936 100983 
100015 100061 100107 100153 100199 100245 100291 100337 100383 100429 100475 100521 100567 100613 100659 100705 100751 100797 100843 100889 100935 100981 
100013 100059 100105 100151 100197 100243 100289 100336 100382 100428 100474 100520 100566 100612 100658 100704 100750 100796 100842 100888 100934 100980 
100010 100056 100102 100148 100194 100240 100286 100332 100378 100424 100471 100517 100563 100609 100655 100701 100747 100793 100839 100885 100931 100977 
100014 100060 100106 100152 100198 100244 100290 100336 100382 100428 100474 100520 100567 100613 100659 100705 100751 100797 100843 100889 100935 100981 
100014 100060 100106 100152 100198 100244 100290 100336 100382 100429 100475 100521 100567 100613 100659 100705 100751 100797 100843 100889 100935 100981 
100013 100059 100105 100151 100197 100243 100290 100336 100382 100428 100474 100520 100566 100612 100658 100704 100750 100796 100842 100888 100934 100980 
100011 100057 100103 100149 100195 100241 100287 100334 100380 100426 100472 100518 100564 100610 100656 100702 100748 100794 100840 100886 100932 100978 
100013 100059 100105 100151 100197 100243 100289 100335 100381 100428 100474 100520 100566 100612 100658 100704 100750 100796 100842 100888 100934 100980 
100012 100058 100104 100150 100196 100242 100288 100335 100381 100427 100473 100519 100565 100611 100657 100703 100749 100795 100841 100887 100933 100979 
100006 100052 100098 100144 100190 100236 100282 100328 100374 100420 100466 100512 100558 100604 100650 100696 100742 100788 100835 100881 100927 100973 
100010 100056 100102 100148 100194 100240 100286 100332 100378 100424 100470 100516 100562 100608 100654 100701 100747 100793 100839 100885 100931 100977 
100008 100054 100100 100146 100192 100238 100284 100330 100376 100422 100468 100514 100560 100606 100652 100698 100744 100790 100836 100882 100928 100974 
100003 100049 100095 100141 100187 100233 100279 100325 100371 100417 100463 100509 100555 100601 100647 100693 100739 100785 100832 100878 100924 100970 
100005 100051 100097 100143 100189 100235 100281 100327 100373 100419 100465 100511 100557 100603 100649 100695 100741 100787 100833 100879 100925 100971 
100005 100051 100097 100143 100189 100235 100281 100327 100373 100419 100465 100511 100557 100603 100649 100695 100741 100787 100833 100879 100925 100971 
100045 100091 100137 100183 100229 100275 100321 100367 100413 100459 100505 100551 100597 100643 100689 100735 100781 100827 100873 100919 100965 
100044 100090 100136 100182 100228 100274 100320 100366 100412 100458 100504 100550 100596 100642 100688 100734 100780 100826 100872 100918 100964 
100003 100049 100095 100141 100187 100233 100279 100325 100371 100417 100463 100509 100555 100601 100647 100693 100739 100785 100831 100877 100923 100969 
100007 100053 100099 100145 100191 100237 100283 100329 100375 100421 100467 100513 100559 100605 100651 100697 100743 100789 100835 100881 100927 100973 
100010 100056 100102 100148 100194 100240 100286 100332 100378 100424 100470 100516 100562 100608 100654 100701 100747 100793 100839 100885 100931 100977 
100007 100053 100099 100145 100191 100237 100283 100329 100375 100421 100467 100513 100559 100605 100651 100697 100743 100789 100835 100881 100927 100973 
100007 100053 100099 100145 100191 100237 100283 100329 100375 100421 100467 100513 100559 100605 100651 100697 100743 100790 100836 100882 100928 100974 
100013 100059 100105 100151 100197 100243 100289 100335 100381 100427 100473 100519 100565 100611 100657 100703 100749 100795 100841 100887 100933 100979 
100010 100056 100102 100148 100194 100240 100286 100332 100378 100424 100470 100516 100562 100608 100654 100700 100746 100792 100838 100884 100930 100976 
100013 100059 100105 100151 100197 100243 100289 100335 100381 100427 100473 100519 100565 100611 100657 100703 100749 100795 100841 100887 100933 100980 
100013 100059 100105 100151 100197 100243 100289 100335 100381 100427 100473 100519 100565 100611 100657 100703 100749 100795 100841 100887 100933 100979 
100014 100060 100106 100152 100198 100244 100290 100336 100382 100428 100474 100520 100566 100612 100658 100704 100750 100796 100842 100888 100934 100980 
100013 100059 100105 100151 100197 100243 100289 100335 100381 100427 100473 100519 100565 100611 100657 100703 100749 100795 100841 100887 100933 100979 
100006 100052 100098 100144 100190 100236 100282 100328 100374 100420 100466 100512 100558 100604 100650 100696 100742 100788 100834 100880 100926 100972 
100011 100057 100103 100149 100195 100241 100287 100333 100379 100425 100471 100517 100563 100609 100655 100701 100747 100793 100839 100885 100931 100977 
100012 100058 100104 100150 100196 100242 100288 100334 100380 100426 100473 100519 100565 100611 100657 100703 100749 100795 100841 100887 100933 100979 
100013 100059 100105 100151 100197 100243 100289 100335 100381 100427 100473 100519 100565 100611 100657 100703 100749 100795 100841 100887 100933 100979 
100009 100055 100101 100147 100193 100239 100285 100331 100377 100423 100469 100515 100561 100607 100653 100699 100745 100791 100837 100883 100929 100975 
100012 100058 100104 100150 100196 100242 100288 100334 100380 100426 100472 100518 100564 100610 100656 100702 100748 100794 100840 100886 100932 100978 
100010 100056 100102 100147 100193 100239 100285 100331 100377 100423 100469 100515 100561 100607 100653 100699 100745 100791 100838 100884 100930 100976 
100003 100049 100095 100141 100187 100233 100279 100325 100371 100417 100463 100509 100555 100601 100647 100693 100739 100785 100831 100877 100923 100969 
100003 100049 100095 100141 100187 100233 100279 100325 100371 100417 100463 100509 100555 100601 100647 100693 100739 100785 100831 100877 100923 100969 
100006 100052 100098 100144 100190 100236 100282 100328 100374 100420 100466 100512 100558 100604 100650 100696 100742 100788 100834 100880 100926 100972 
100003 100049 100095 100141 100187 100233 100279 100325 100371 100417 100463 100509 100555 100601 100647 100693 100739 100785 100831 100877 100923 100969 
100008 100054 100100 100146 100192 100238 100284 100330 100376 100422 100468 100514 100560 100606 100652 100698 100744 100790 100836 100882 100928 100974 
100007 100053 100098 100144 100190 100236 100282 100328 100374 100420 100466 100512 100558 100604 100650 100696 100742 100788 100834 100881 100927 100973 
100003 100049 100095 100141 100187 100233 100279 100325 100371 100417 100463 100509 100555 100601 100647 100693 100739 100785 100831 100877 100923 100969 
100008 100054 100100 100146 100192 100238 100284 100330 100376 100422 100468 100514 100560 100606 100652 100698 100744 100790 100836 100882 100928 100974 
100009 100055 100101 100147 100193 100239 100285 100331 100377 100423 100469 100515 100561 100607 100653 100699 100745 100791 100837 100883 100929 100975 
100009 100055 100101 100147 100193 100239 100285 100331 100377 100423 100469 100515 100561 100607 100653 100699 100745 100791 100837 100883 100929 100975 
100006 100052 100098 100144 100190 100236 100282 100328 100374 100420 100466 100512 100558 100604 100650 100696 100742 100788 100834 100880 100926 100972 
100010 100056 100102 100148 100194 100240 100286 100332 100378 100424 100470 100516 100562 100608 100654 100700 100746 100792 100839 100885 100931 100977 
100015 100061 100107 100153 100199 100245 100291 100337 100383 100429 100475 100521 100567 100613 100659 100705 100751 100797 100843 100889 100935 100981 
100017 100063 100109 100155 100200 100246 100293 100339 100385 100431 100477 100523 100569 100615 100661 100707 100753 100799 100845 100891 100937 100983 
100016 100062 100108 100154 100200 100246 100292 100338 100384 100430 100476 100522 100568 100614 100660 100706 100752 100798 100844 100890 100936 100982 
100012 100058 100104 100150 100196 100242 100288 100334 100380 100426 100472 100518 100564 100610 100657 100703 100749 100795 100841 100887 100933 100979 
100016 100062 100108 100154 100200 100246 100292 100338 100384 100430 100476 100522 100568 100614 100660 100707 100753 100799 100845 100891 100937 100983 
100014 100060 100106 100152 100198 100244 100290 100336 100382 100428 100474 100520 100566 100612 100658 100704 100750 100796 100842 100888 100934 100980 
100010 100056 100102 100148 100194 100240 100286 100332 100378 100424 100470 100516 100562 100608 100654 100700 100747 100793 100839 100885 100931 100977 
100013 100059 100105 100151 100197 100243 100289 100335 100381 100427 100473 100519 100565 100611 100657 100704 100750 100796 100842 100888 100934 100980 
100013 100059 100105 100151 100197 100243 100289 100335 100381 100427 100473 100519 100566 100612 100658 100704 100750 100796 100842 100888 100934 100980 
100016 100062 100108 100154 100200 100246 100292 100338 100384 100430 100476 100522 100568 100614 100660 100706 100752 100798 100844 100890 100936 100983 
100016 100062 100108 100154 100200 100246 100292 100338 100384 100430 100476 100522 100568 100614 100660 100706 100752 100798 100844 100891 100937 100983 
100016 100062 100108 100154 100200 100246 100292 100338 100384 100430 100476 100522 100568 100614 100660 100706 100752 100798 100844 100891 100937 100983 
100011 100057 100103 100149 100195 100241 100287 100333 100379 100425 100471 100517 100563 100609 100655 100701 100747 100793 100839 100885 100931 100978 
100010 100056 100102 100148 100194 100240 100286 100332 100378 100424 100470 100516 100562 100608 100654 100701 100747 100793 100839 100885 100931 100977 
100016 100062 100108 100154 100200 100246 100292 100338 100384 100430 100476 100522 100568 100614 100660 100706 100752 100798 100844 100890 100937 100983 
100014 100060 100106 100152 100198 100244 100290 100336 100382 100428 100474 100520 100566 100612 100658 100704 100750 100796 100842 100888 100935 100981 
100017 100063 100109 100155 100201 100247 100293 100339 100385 100431 100477 100523 100569 100615 100661 100708 100754 100800 100846 100892 100938 100984 
100015 100061 100107 100153 100199 100245 100291 100337 100383 100429 100476 100522 100568 100614 100660 100706 100752 100798 100844 100890 100936 100982 
100011 100057 100103 100149 100195 100241 100287 100333 100379 100425 100472 100518 100564 100610 100656 100702 100748 100794 100840 100886 100932 100978 
100006 100052 100098 100144 100190 100236 100282 100328 100374 100420 100466 100512 100558 100605 100651 100697 100743 100789 100835 100881 100927 100973 
100012 100058 100104 100150 100196 100242 100288 100334 100380 100426 100472 100518 100564 100610 100656 100702 100748 100795 100841 100887 100933 100979 
100009 100055 100101 100147 100193 100239 100285 100332 100378 100424 100470 100516 100562 100608 100654 100700 100746 100792 100838 100884 100931 100977 
100005 100051 100097 100143 100189 100235 100281 100327 100373 100419 100465 100511 100557 100604 100650 100696 100742 100788 100834 100880 100926 100972 
100008 100054 100100 100146 100192 100238 100284 100330 100376 100422 100468 100514 100560 100606 100652 100699 100745 100791 100837 100883 100929 100975 
100007 100053 100099 100145 100191 100237 100283 100329 100375 100421 100467 100513 100559 100605 100652 100698 100744 100790 100836 100882 100928 100974 
100011 100057 100103 100149 100195 100242 100288 100334 100380 100426 100472 100518 100564 100610 100656 100702 100748 100794 100841 100887 100933 100979 
100012 100058 100104 100151 100197 100243 100289 100335 100381 100427 100473 100519 100565 100611 100657 100703 100749 100796 100842 100888 100934 100980 
100010 100056 100102 100148 100194 100240 100286 100332 100378 100425 100471 100517 100563 100609 100655 100701 100747 100793 100839 100886 100932 100978 
100011 100057 100103 100149 100195 100241 100287 100334 100380 100426 100472 100518 100564 100610 100656 100702 100748 100794 100841 100887 100933 100979 
100008 100054 100100 100146 100192 100238 100284 100330 100376 100422 100468 100514 100560 100607 100653 100699 100745 100791 100837 100883 100929 100975 
100004 100050 100096 100142 100188 100234 100280 100326 100372 100418 100464 100510 100556 100602 100648 100695 100741 100787 100833 100879 100925 100971 
100008 100054 100100 100146 100192 100238 100284 100330 100376 100422 100468 100514 100560 100606 100653 100699 100745 100791 100837 100883 100929 100975 
100004 100050 100096 100142 100188 100234 100280 100326 100372 100418 100464 100510 100556 100602 100649 100695 100741 100787 100833 100879 100925 100971 
100045 100091 100137 100183 100229 100275 100321 100367 100413 100459 100505 100551 100597 100643 100689 100736 100782 100828 100874 100920 100966 
100004 100050 100096 100142 100188 100234 100280 100326 100372 100418 100464 100510 100556 100602 100648 100695 100741 100787 100833 100879 100925 100971 
100001 100047 100093 100139 100185 100231 100277 100323 100369 100415 100462 100508 100554 100600 100646 100692 100738 100784 100830 100877 100923 100969 
100041 100087 100133 100179 100225 100271 100318 100364 100410 100456 100502 100548 100594 100640 100686 100732 100779 100825 100871 100917 100963 
100041 100087 100133 100179 100225 100271 100317 100363 100409 100455 100501 100547 100593 100640 100686 100732 100778 100824 100870 100916 100962 
100043 100089 100135 100181 100227 100273 100319 100365 100412 100458 100504 100550 100596 100642 100688 100734 100780 100827 100873 100919 100965 
100002 100048 100094 100140 100186 100232 100278 100324 100371 100417 100463 100509 100555 100601 100647 100693 100739 100786 100832 100878 100924 100970 
100002 100048 100094 100140 100186 100232 100279 100325 100371 100417 100463 100509 100555 100601 100647 100694 100740 100786 100832 100878 100924 100970 
100043 100089 100135 100181 100227 100273 100319 100365 100412 100458 100504 100550 100596 100642 100688 100735 100781 100827 100873 100919 100965 
100001 100047 100093 100139 100185 100231 100277 100323 100369 100415 100462 100508 100554 100600 100646 100692 100738 100785 100831 100877 100923 100969 
100042 100088 100135 100181 100227 100273 100319 100365 100411 100457 100503 100550 100596 100642 100688 100734 100780 100827 100873 100919 100965 
100002 100048 100094 100141 100187 100233 100279 100325 100371 100417 100463 100509 100556 100602 100648 100694 100740 100786 100833 100879 100925 100971 
100044 100090 100136 100183 100229 100275 100321 100367 100413 100459 100505 100552 100598 100644 100690 100736 100782 100829 100875 100921 100967 
100045 100091 100137 100183 100230 100276 100322 100368 100414 100460 100506 100553 100599 100645 100691 100737 100783 100830 100876 100922 100968 
100001 100047 100094 100140 100186 100232 100278 100324 100370 100416 100463 100509 100555 100601 100647 100693 100740 100786 100832 100878 100924 100970 
100044 100090 100136 100182 100228 100274 100320 100367 100413 100459 100505 100551 100598 100644 100690 100736 100782 100828 100875 100921 100967 
100001 100047 100093 100139 100185 100232 100278 100324 100370 100416 100462 100509 100555 100601 100647 100693 100739 100786 100832 100878 100924 100970 
100002 100048 100094 100140 100187 100233 100279 100325 100371 100417 100463 100510 100556 100602 100648 100694 100740 100787 100833 100879 100925 100971 
100007 100053 100099 100145 100192 100238 100284 100330 100376 100422 100468 100515 100561 100607 100653 100699 100745 100792 100838 100884 100930 100976 
100005 100051 100097 100143 100189 100235 100281 100328 100374 100420 100466 100512 100558 100605 100651 100697 100743 100789 100835 100882 100928 100974 
100010 100056 100102 100148 100194 100241 100287 100333 100379 100425 100471 100518 100564 100610 100656 100702 100749 100795 100841 100887 100933 100979 
100011 100057 100103 100149 100195 100242 100288 100334 100380 100426 100473 100519 100565 100611 100657 100703 100750 100796 100842 100888 100934 100981 
100011 100058 100104 100150 100196 100242 100289 100335 100381 100427 100473 100520 100566 100612 100658 100704 100750 100797 100843 100889 100935 100981 
100012 100058 100104 100150 100196 100242 100289 100335 100381 100427 100474 100520 100566 100612 100658 100705 100751 100797 100843 100889 100936 100982 
100015 100061 100107 100153 100200 100246 100292 100338 100384 100431 100477 100523 100569 100616 100662 100708 100754 100800 100847 100893 100939 100985 
100011 100058 100104 100150 100196 100242 100288 100335 100381 100427 100473 100520 100566 100612 100658 100705 100751 100797 100843 100889 100936 100982 
100010 100056 100102 100148 100194 100241 100287 100333 100379 100426 100472 100518 100564 100611 100657 100703 100749 100795 100842 100888 100934 100980 
100006 100052 100098 100144 100190 100236 100283 100329 100375 100421 100468 100514 100560 100606 100653 100699 100745 100791 100837 100884 100930 100976 
100012 100058 100105 100151 100197 100243 100289 100336 100382 100428 100475 100521 100567 100613 100660 100706 100752 100798 100844 100891 100937 100983 
100009 100055 100101 100148 100194 100240 100287 100333 100379 100425 100472 100518 100564 100610 100657 100703 100749 100795 100842 100888 100934 100980 
100013 100060 100106 100152 100198 100245 100291 100337 100383 100430 100476 100522 100569 100615 100661 100707 100754 100800 100846 100892 100938 100985 
100014 100060 100106 100152 100198 100245 100291 100337 100383 100429 100476 100522 100568 100615 100661 100707 100753 100800 100846 100892 100938 100985 
100017 100063 100108 100154 100200 100246 100293 100339 100385 100431 100477 100524 100570 100616 100662 100709 100755 100801 100847 100893 100940 100986 
100014 100059 100104 100150 100196 100242 100288 100334 100380 100426 100473 100519 100565 100611 100658 100704 100750 100796 100842 100889 100935 100981 
100020 100064 100109 100155 100201 100246 100292 100339 100385 100431 100477 100523 100569 100616 100662 100708 100754 100801 100847 100893 100939 100985 
100027 100069 100113 100158 100203 100249 100295 100341 100387 100433 100479 100525 100571 100617 100663 100709 100755 100802 100848 100894 100940 100986 
100037 100079 100120 100163 100206 100251 100296 100341 100386 100432 100477 100523 100569 100615 100661 100707 100753 100799 100845 100892 100938 100984 
100039 100083 100126 100167 100209 100251 100294 100338 100383 100427 100473 100519 100564 100610 100656 100702 100748 100794 100840 100886 100932 100978 
100044 100088 100132 100174 100215 100256 100298 100341 100385 100429 100474 100520 100566 100612 100658 100704 100750 100796 100842 100888 100934 100981 
100002 100047 100092 100136 100180 100222 100264 100304 100346 100388 100431 100476 100521 100567 100613 100659 100706 100752 100798 100844 100890 100936 100983 
100005 100050 100096 100141 100186 100230 100273 100315 100356 100395 100435 100477 100522 100569 100615 100662 100708 100754 100800 100847 100893 100939 100985 
100009 100055 100100 100146 100191 100236 100281 100325 100368 100417 100470 100520 100569 100616 100663 100709 100756 100802 100849 100895 100941 100987 
100007 100053 100099 100145 100191 100237 100283 100328 100373 100421 100469 100517 100565 100612 100659 100706 100753 100799 100846 100892 100939 100985 
100012 100058 100104 100150 100196 100242 100288 100334 100380 100427 100475 100522 100569 100616 100663 100710 100756 100803 100849 100896 100942 100988 
100011 100057 100104 100150 100196 100242 100288 100335 100381 100427 100474 100521 100568 100615 100661 100708 100754 100801 100847 100894 100940 100986 
100007 100053 100099 100145 100192 100238 100284 100330 100377 100423 100470 100517 100563 100610 100656 100703 100749 100796 100842 100889 100935 100982 
100011 100057 100103 100149 100196 100242 100288 100334 100381 100427 100474 100520 100567 100614 100660 100707 100753 100799 100846 100892 100939 100985 
100006 100052 100098 100144 100191 100237 100283 100330 100376 100422 100469 100515 100562 100608 100655 100701 100748 100794 100841 100887 100933 100980 
100007 100053 100099 100146 100192 100238 100284 100331 100377 100424 100470 100517 100563 100609 100656 100702 100749 100795 100842 100888 100934 100981 
100011 100058 100104 100150 100197 100243 100289 100336 100382 100428 100475 100521 100568 100614 100661 100707 100753 100800 100846 100893 100939 100985 
100010 100056 100102 100148 100195 100241 100287 100334 100380 100426 100473 100519 100566 100612 100659 100705 100751 100798 100844 100890 100937 100983 
100004 100050 100096 100142 100189 100235 100281 100328 100374 100420 100467 100513 100560 100606 100652 100699 100745 100792 100838 100884 100931 100977 
100006 100052 100098 100145 100191 100237 100283 100330 100376 100423 100469 100515 100562 100608 100655 100701 100747 100794 100840 100886 100933 100979 
100010 100056 100103 100149 100195 100242 100288 100334 100381 100427 100473 100520 100566 100613 100659 100705 100752 100798 100845 100891 100937 100984 
100012 100059 100105 100151 100198 100244 100290 100337 100383 100429 100476 100522 100569 100615 100661 100708 100754 100800 100847 100893 100940 100986 
100012 100058 100105 100151 100197 100244 100290 100336 100383 100429 100476 100522 100568 100615 100661 100707 100754 100800 100847 100893 100939 100986 
100010 100056 100102 100149 100195 100241 100288 100334 100380 100427 100473 100520 100566 100612 100659 100705 100751 100798 100844 100891 100937 100983 
100007 100054 100100 100146 100193 100239 100285 100332 100378 100425 100471 100517 100564 100610 100656 100703 100749 100795 100842 100888 100935 100981 
100006 100053 100099 100146 100192 100238 100285 100331 100377 100424 100470 100516 100563 100609 100656 100702 100748 100795 100841 100887 100934 100980 
100046 100092 100138 100185 100231 100277 100324 100370 100416 100463 100509 100555 100602 100648 100695 100741 100787 100834 100880 100926 100973 
100002 100049 100095 100141 100188 100234 100281 100327 100373 100420 100466 100512 100559 100605 100651 100698 100744 100791 100837 100883 100930 100976 
100004 100051 100097 100143 100190 100236 100283 100329 100375 100422 100468 100514 100561 100607 100653 100700 100746 100793 100839 100885 100932 100978 
100007 100053 100100 100146 100192 100239 100285 100331 100378 100424 100470 100517 100563 100610 100656 100702 100749 100795 100841 100888 100934 100980 
100003 100049 100095 100142 100188 100234 100281 100327 100373 100420 100466 100512 100559 100605 100652 100698 100744 100791 100837 100883 100930 100976 
100004 100050 100096 100143 100189 100235 100282 100328 100374 100421 100467 100513 100560 100606 100653 100699 100745 100792 100838 100884 100931 100977 
100043 100089 100136 100182 100228 100275 100321 100367 100414 100460 100507 100553 100599 100646 100692 100738 100785 100831 100878 100924 100970 
100001 100047 100094 100140 100187 100233 100279 100326 100372 100418 100465 100511 100557 100604 100650 100697 100743 100789 100836 100882 100928 100975 
100044 100091 100137 100183 100230 100276 100322 100369 100415 100462 100508 100554 100601 100647 100693 100740 100786 100832 100879 100925 100972 
100003 100049 100095 100142 100188 100234 100281 100327 100373 100420 100466 100513 100559 100605 100652 100698 100744 100791 100837 100883 100930 100976 
100044 100090 100137 100183 100229 100276 100322 100368 100415 100461 100507 100554 100600 100647 100693 100739 100786 100832 100878 100925 100971 
100005 100051 100098 100144 100190 100237 100283 100329 100376 100422 100468 100515 100561 100608 100654 100700 100747 100793 100839 100886 100932 100978 
100004 100051 100097 100143 100190 100236 100282 100329 100375 100421 100468 100514 100561 100607 100653 100700 100746 100792 100839 100885 100931 100978 
100004 100051 100097 100144 100190 100236 100283 100329 100375 100422 100468 100514 100561 100607 100653 100700 100746 100793 100839 100885 100932 100978 
100004 100050 100097 100143 100189 100236 100282 100328 100375 100421 100467 100514 100560 100606 100653 100699 100746 100792 100838 100885 100931 100977 
100009 100055 100101 100148 100194 100240 100287 100333 100380 100426 100472 100519 100565 100611 100658 100704 100750 100797 100843 100889 100936 100982 
100009 100055 100101 100148 100194 100240 100287 100333 100380 100426 100472 100519 100565 100611 100658 100704 100750 100797 100843 100889 100936 100982 
100010 100057 100103 100149 100196 100242 100288 100335 100381 100427 100474 100520 100567 100613 100659 100706 100752 100798 100845 100891 100937 100984 
100008 100054 100100 100147 100193 100239 100286 100332 100379 100425 100471 100518 100564 100610 100657 100703 100749 100796 100842 100888 100935 100981 
100001 100047 100094 100140 100186 100233 100279 100325 100372 100418 100464 100511 100557 100604 100650 100696 100743 100789 100835 100882 100928 100974 
100003 100049 100095 100142 100188 100234 100281 100327 100373 100420 100466 100512 100559 100605 100652 100698 100744 100791 100837 100883 100930 100976 
100005 100051 100098 100144 100190 100237 100283 100330 100376 100422 100469 100515 100561 100608 100654 100700 100747 100793 100839 100886 100932 100978 
100008 100055 100101 100147 100194 100240 100286 100333 100379 100426 100472 100518 100565 100611 100657 100704 100750 100796 100843 100889 100935 100982 
100010 100056 100102 100149 100195 100241 100288 100334 100380 100427 100473 100520 100566 100612 100659 100705 100751 100798 100844 100890 100937 100983 
100012 100059 100105 100151 100198 100244 100290 100337 100383 100429 100476 100522 100569 100615 100661 100708 100754 100800 100847 100893 100939 100986 
100016 100062 100108 100155 100201 100247 100294 100340 100386 100433 100479 100525 100572 100618 100664 100711 100757 100803 100850 100896 100942 100989 
100013 100059 100106 100152 100198 100245 100291 100337 100384 100430 100476 100523 100569 100615 100662 100708 100755 100801 100847 100894 100940 100986 
100016 100063 100109 100155 100202 100248 100294 100341 100387 100433 100480 100526 100572 100619 100665 100711 100758 100804 100850 100897 100943 100989 
100012 100059 100105 100151 100198 100244 100290 100337 100383 100429 100476 100522 100569 100615 100661 100708 100754 100800 100847 100893 100939 100986 
100015 100061 100107 100154 100200 100246 100293 100339 100385 100432 100478 100524 100571 100617 100663 100710 100756 100802 100849 100895 100942 100988 
100013 100059 100105 100152 100198 100244 100291 100337 100383 100430 100476 100522 100569 100615 100662 100708 100754 100801 100847 100893 100940 100986 
100014 100060 100107 100153 100199 100246 100292 100338 100385 100431 100477 100524 100570 100616 100663 100709 100755 100802 100848 100894 100941 100987 
100009 100055 100101 100148 100194 100240 100287 100333 100379 100426 100472 100518 100565 100611 100657 100704 100750 100797 100843 100889 100936 100982 
100011 100058 100104 100150 100197 100243 100289 100336 100382 100428 100475 100521 100567 100614 100660 100706 100753 100799 100845 100892 100938 100984 
100014 100061 100107 100153 100200 100246 100292 100339 100385 100431 100478 100524 100570 100617 100663 100709 100756 100802 100848 100895 100941 100987 
100013 100059 100105 100152 100198 100244 100291 100337 100383 100430 100476 100522 100569 100615 100661 100708 100754 100800 100847 100893 100939 100986 
100007 100054 100100 100146 100193 100239 100285 100332 100378 100424 100471 100517 100563 100610 100656 100702 100749 100795 100841 100888 100934 100980 
100011 100058 100104 100150 100197 100243 100289 100336 100382 100428 100475 100521 100567 100614 100660 100706 100753 100799 100845 100892 100938 100985 
100010 100056 100103 100149 100195 100242 100288 100334 100381 100427 100473 100520 100566 100612 100659 100705 100751 100798 100844 100890 100937 100983 
100009 100055 100101 100148 100194 100240 100287 100333 100379 100426 100472 100518 100565 100611 100657 100704 100750 100796 100843 100889 100935 100982 
100003 100050 100096 100142 100189 100235 100281 100328 100374 100420 100467 100513 100559 100606 100652 100698 100745 100791 100837 100884 100930 100976 
100005 100052 100098 100145 100191 100237 100284 100330 100376 100423 100469 100515 100562 100608 100654 100701 100747 100793 100840 100886 100932 100979 
100010 100056 100103 100149 100195 100242 100288 100334 100381 100427 100473 100520 100566 100612 100659 100705 100751 100798 100844 100890 100937 100983 
100010 100056 100103 100149 100195 100242 100288 100334 100381 100427 100473 100520 100566 100612 100659 100705 100751 100798 100844 100890 100937 100983 
100004 100050 100096 100143 100189 100235 100282 100328 100375 100421 100467 100514 100560 100606 100653 100699 100745 100792 100838 100884 100931 100977 
100008 100054 100101 100147 100193 100240 100286 100332 100379 100425 100472 100518 100564 100611 100657 100703 100750 100796 100842 100889 100935 100981 
100008 100055 100101 100147 100194 100240 100286 100333 100379 100425 100472 100518 100564 100611 100657 100703 100750 100796 100842 100889 100935 100981 
100006 100053 100099 100146 100192 100238 100285 100331 100377 100424 100470 100516 100563 100609 100655 100702 100748 100794 100841 100887 100933 100980 
100000 100047 100093 100140 100186 100232 100279 100325 100371 100418 100464 100510 100557 100603 100649 100696 100742 100788 100835 100881 100927 100974 
100002 100048 100094 100141 100187 100233 100280 100326 100372 100419 100465 100512 100558 100604 100651 100697 100743 100790 100836 100882 100929 100975 
100001 100047 100094 100140 100187 100233 100279 100326 100372 100418 100465 100511 100557 100604 100650 100696 100743 100789 100835 100882 100928 100974 
100044 100091 100137 100183 100230 100276 100322 100369 100415 100461 100508 100554 100601 100647 100693 100740 100786 100832 100879 100925 100971 
100040 100086 100133 100179 100225 100272 100318 100365 100411 100457 100504 100550 100596 100643 100689 100735 100782 100828 100874 100921 100967 
100041 100087 100133 100180 100226 100272 100319 100365 100412 100458 100504 100551 100597 100643 100690 100736 100782 100829 100875 100921 100968 
100043 100090 100136 100182 100229 100275 100322 100368 100414 100461 100507 100553 100600 100646 100692 100739 100785 100831 100878 100924 100970 
100003 100049 100096 100142 100188 100235 100281 100327 100374 100420 100466 100513 100559 100605 100652 100698 100744 100791 100837 100883 100930 100976 
100000 100046 100092 100139 100185 100231 100278 100324 100370 100417 100463 100509 100556 100602 100648 100695 100741 100788 100834 100880 100927 100973 
100005 100051 100097 100144 100190 100236 100283 100329 100375 100422 100468 100515 100561 100607 100654 100700 100746 100793 100839 100885 100932 100978 
100008 100054 100101 100147 100193 100240 100286 100332 100379 100425 100471 100518 100564 100610 100657 100703 100749 100796 100842 100889 100935 100981 
100008 100054 100100 100147 100193 100239 100286 100332 100378 100425 100471 100517 100564 100610 100656 100703 100749 100796 100842 100888 100935 100981 
100005 100051 100098 100144 100190 100237 100283 100329 100376 100422 100468 100515 100561 100607 100654 100700 100747 100793 100839 100886 100932 100978 
100011 100057 100104 100150 100196 100243 100289 100335 100382 100428 100474 100521 100567 100613 100660 100706 100752 100799 100845 100891 100938 100984 
100009 100055 100101 100148 100194 100240 100287 100333 100379 100426 100472 100518 100565 100611 100657 100704 100750 100796 100843 100889 100935 100982 
100012 100058 100105 100151 100197 100244 100290 100336 100383 100429 100475 100522 100568 100614 100661 100707 100753 100800 100846 100892 100939 100985 
100010 100056 100103 100149 100195 100242 100288 100334 100381 100427 100473 100520 100566 100612 100659 100705 100751 100798 100844 100890 100937 100983 
100008 100054 100101 100147 100193 100240 100286 100332 100379 100425 100471 100518 100564 100610 100657 100703 100749 100796 100842 100888 100935 100981 
100004 100050 100097 100143 100189 100236 100282 100328 100375 100421 100468 100514 100560 100607 100653 100699 100746 100792 100838 100885 100931 100977 
100002 100048 100094 100141 100187 100233 100280 100326 100372 100419 100465 100511 100558 100604 100650 100697 100743 100789 100836 100882 100928 100975 
100006 100052 100099 100145 100191 100238 100284 100330 100377 100423 100469 100516 100562 100609 100655 100701 100748 100794 100840 100887 100933 100979 
100011 100057 100103 100150 100196 100243 100289 100335 100382 100428 100474 100521 100567 100613 100660 100706 100752 100799 100845 100891 100938 100984 
100012 100058 100105 100151 100197 100244 100290 100336 100383 100429 100475 100522 100568 100614 100661 100707 100753 100800 100846 100892 100939 100985 
100013 100059 100105 100152 100198 100244 100291 100337 100383 100430 100476 100522 100569 100615 100661 100708 100754 100800 100847 100893 100939 100986 
100008 100054 100100 100147 100193 100239 100286 100332 100378 100425 100471 100517 100564 100610 100656 100703 100749 100795 100842 100888 100934 100981 
100009 100055 100101 100148 100194 100240 100287 100333 100379 100426 100472 100518 100565 100611 100657 100704 100750 100796 100843 100889 100935 100982 
100005 100051 100098 100144 100190 100237 100283 100329 100376 100422 100468 100515 100561 100607 100654 100700 100746 100793 100839 100885 100932 100978 
100010 100057 100103 100149 100196 100242 100288 100335 100381 100427 100474 100520 100566 100613 100659 100705 100752 100798 100844 100891 100937 100983 
100010 100056 100103 100149 100195 100242 100288 100334 100381 100427 100473 100520 100566 100612 100659 100705 100751 100798 100844 100890 100937 100983 
100005 100051 100098 100144 100190 100237 100283 100329 100376 100422 100468 100515 100561 100607 100654 100700 100746 100793 100839 100885 100932 100978 
100011 100057 100104 100150 100196 100243 100289 100335 100382 100428 100474 100521 100567 100613 100660 100706 100752 100799 100845 100891 100938 100984 
100013 100060 100106 100152 100199 100245 100291 100338 100384 100430 100477 100523 100569 100616 100662 100708 100755 100801 100847 100894 100940 100986 
100015 100061 100108 100154 100200 100247 100293 100339 100386 100432 100478 100525 100571 100617 100664 100710 100756 100803 100849 100895 100942 100988 
100012 100059 100105 100151 100198 100244 100290 100337 100383 100429 100476 100522 100568 100615 100661 100707 100754 100800 100846 100893 100939 100985 
100016 100062 100109 100155 100201 100248 100294 100340 100387 100433 100479 100525 100572 100618 100664 100711 100757 100803 100850 100896 100942 100989 
100014 100060 100107 100153 100199 100246 100292 100338 100385 100431 100477 100524 100570 100616 100663 100709 100755 100802 100848 100894 100941 100987 
100008 100054 100101 100147 100193 100240 100286 100332 100379 100425 100471 100518 100564 100610 100657 100703 100749 100796 100842 100888 100935 100981 
100012 100058 100105 100151 100197 100244 100290 100336 100383 100429 100475 100522 100568 100614 100660 100707 100753 100799 100846 100892 100938 100985 
100014 100061 100107 100153 100200 100246 100292 100339 100385 100431 100478 100524 100570 100617 100663 100709 100756 100802 100848 100895 100941 100987 
100012 100058 100104 100151 100197 100243 100290 100336 100382 100429 100475 100521 100568 100614 100660 100707 100753 100799 100845 100892 100938 100984 
100011 100057 100104 100150 100196 100243 100289 100335 100382 100428 100474 100521 100567 100613 100660 100706 100752 100799 100845 100891 100938 100984 
100005 100051 100097 100144 100190 100236 100283 100329 100375 100422 100468 100514 100561 100607 100653 100700 100746 100792 100839 100885 100931 100978 
100012 100058 100105 100151 100197 100244 100290 100336 100383 100429 100475 100522 100568 100614 100661 100707 100753 100800 100846 100892 100939 100985 
100012 100059 100105 100151 100198 100244 100290 100337 100383 100429 100476 100522 100568 100615 100661 100707 100753 100800 100846 100892 100939 100985 
